Nimi	dj01	dj02	ettepanekud	ex01	ex02	ex03	ex04	ex05	ex06	ex07	ex08	ex09	ex11	ex12	ex13	ex14	ex15	food	general	git	kaugōpe	konsult	meme	mitteniiolulisedagasiiskiolulised-teadaanded	olulised-teadaanded	pr01	pr02	pr03	pr04	pr06	pr07	pr08	pr09	pr11	pr12	pr13	pr14	pr15	random	stat	syvapy-general	videod	wat	xp01	xp02	xp03	xp04	xp05	xp06	xp07	Kokku
Rauno	0	0	102,0	0	0	63,778	0	91,667	65,5	90,455	0	108,0	56,154	58,412	54,222	45,0	0	56,519	55,833	0	66,667	91,0	0	0	0	0	0	0	0	54,5	69,0	56,375	0	0	85,5	0	0	0	54,535	75,8	70,556	0	52,5	61,5	77,0	56,462	79,0	0	0	0	61,345
Kadri	24,667	14,0	8,0	31,288	25,638	33,078	35,429	34,389	46,872	30,286	36,978	29,115	48,025	46,765	38,728	48,832	35,17	23,842	26,463	30,12	25,214	25,924	22,292	25,556	0	0	25,857	0	0	26,651	25,0	51,154	29,091	24,792	45,333	36,512	20,268	32,5	24,823	31,787	0	0	34,048	0	20,125	0	42,333	11,0	4,0	40,0	27,953
Ago	56,7	24,25	56,136	37,538	38,588	43,857	46,216	42,824	37,878	41,713	37,991	41,548	38,84	46,941	39,968	44,115	36,127	27,507	44,698	28,151	48,531	34,209	41,545	33,24	107,447	34,192	43,871	99,5	44,0	37,925	35,211	50,453	36,039	58,3	41,737	44,784	28,402	43,536	33,015	47,103	44,452	66,391	33,054	37,554	30,451	37,571	51,484	43,787	42,424	42,25	39,373
test9	65,8	0	44,4	45,0	20,5	57,259	129,227	62,286	48,857	56,0	39,769	102,538	63,25	83,667	82,897	61,676	76,821	48,083	62,297	70,793	64,5	35,25	50,72	0	0	62,222	89,75	19,0	50,75	58,8	104,667	64,857	24,8	39,273	60,7	81,727	102,0	66,889	52,712	58,413	93,529	0	52,553	57,515	74,625	76,578	46,3	66,333	70,5	39,4	59,672
MajorMoopsy	0	0	0	45,362	52,833	66,687	49,885	45,333	55,889	41,5	0	0	0	90,5	0	0	0	0	53,647	45,667	55,083	2,0	200,824	27,5	0	44,264	60,524	86,5	15,0	47,556	94,0	0	0	0	0	0	0	0	55,286	91,381	135,5	0	27,75	39,778	45,267	59,533	0	0	0	0	58,298
Vallavanem	36,25	0	0	0	0	75,833	0	0	50,077	47,667	0	91,0	53,875	145,75	105,0	67,2	210,0	10,0	101,778	0	0	0	58,8	0	0	0	0	0	0	54,429	0	180,333	0	0	0	0	0	0	57,286	71,0	0	0	0	32,667	52,636	51,538	0	0	0	0	64,284
Mikk	0	0	0	250,714	93,3	0	68,571	57,375	51,638	63,0	115,5	69,827	52,737	77,333	52,276	59,578	40,791	31,352	70,438	132,0	0	57,833	25,0	0	0	0	75,5	0	0	0	46,333	83,071	82,333	70,0	0	67,667	65,933	81,095	40,931	43,667	64,0	0	53,0	144,75	42,0	41,211	37,562	0	0	0	50,015
Sebastian	34,882	0	62,667	56,667	53,44	70,385	26,0	52,024	54,179	43,13	49,927	37,881	38,194	73,5	30,187	31,923	50,786	34,395	71,167	96,0	51,073	44,0	33,387	0	0	0	82,909	0	124,25	71,167	68,0	49,965	98,0	45,5	17,5	113,0	58,333	26,75	34,163	50,451	55,75	0	20,667	89,297	35,0	0	2,0	0	0	0	42,36
Kristjan	39,091	0	76,0	43,083	68,25	38,174	47,309	52,333	41,972	42,043	41,933	54,889	47,0	66,311	47,085	47,324	63,037	37,967	39,025	44,0	42,5	76,0	44,231	24,5	0	0	0	0	0	50,909	36,2	40,229	19,0	44,2	28,815	32,111	33,353	93,0	35,18	51,045	56,833	0	38,514	45,811	35,787	35,851	35,0	5,0	3,0	26,0	40,648
Piret	50,483	0	57,4	0	0	42,0	0	0	59,143	45,0	84,016	0	0	142,778	85,915	85,089	56,238	56,306	68,592	0	37,5	0	0	0	0	0	0	0	0	71,552	0	87,067	0	0	0	0	68,0	47,182	58,486	89,417	3,0	0	0	0	76,75	0	0	0	0	0	67,42
Helin	0	0	0	75,25	0	89,667	163,0	0	144,0	0	0	66,5	122,0	62,5	0	70,0	0	41,385	66,508	0	81,817	0	66,808	161,0	0	26,0	0	0	0	114,375	0	88,6	0	0	0	0	52,444	0	48,994	80,0	201,125	0	0	121,1	0	0	0	0	0	0	57,075
236460404446855168	0	87,4	0	68,667	0	0	89,0	77,0	52,833	0	81,447	74,222	74,429	68,692	85,0	80,667	86,286	16,0	40,0	0	0	0	0,0	112,333	0	0	0	0	0	32,333	0	70,0	95,0	0	39,25	110,0	35,55	26,0	70,222	43,125	52,857	0	34,591	58,0	54,25	60,609	41,5	65,655	49,667	70,643	55,411
Elvar	0	36,5	71,312	79,833	0	177,0	0	0	0	123,2	61,559	70,0	39,289	62,413	35,143	38,182	36,396	34,087	45,504	0	21,0	39,364	31,031	0	0	44,222	0	0	0	64,182	0	41,133	100,625	35,5	65,2	79,909	20,364	36,114	36,017	24,81	52,167	0	52,568	102,0	72,0	40,75	0	0	24,0	61,0	39,006
moth	0	0	0	56,222	47,571	50,062	25,111	48,0	0	0	109,0	0	60,222	133,0	38,233	0	67,0	29,25	47,111	0	0	0	40,5	0	0	47,5	30,0	0	0	0	0	0	0	116,0	0	0	16,333	57,2	46,369	65,429	58,385	0	53,0	32,5	73,917	6,0	0	103,25	3,0	61,857	49,231
TankerElite	0	0	52,5	144,0	0	0	71,769	44,0	55,878	79,4	53,722	70,877	25,5	43,974	58,763	56,429	0	31,0	47,412	32,0	0	0	37,731	23,667	0	74,0	0	0	0	0	0	72,75	57,0	67,5	42,0	0	0	0	40,622	62,7	34,0	0	1,0	0	0	0	32,0	74,0	4,0	0	52,308
marko169	0	0	0	39,65	0	43,25	55,8	0	87,0	0	59,8	0	40,3	36,85	26,286	49,071	34,375	22,6	35,676	0	22,0	36,167	11,0	0	0	28,375	10,333	0	0	0	0	118,667	0	55,0	30,154	50,167	6,0	39,2	24,135	0	74,0	0	0	0	0	0	0	0	3,0	0	35,503
TROLLOLOLOLOLOLO	15,0	0	38,857	62,059	50,833	52,179	38,964	39,75	31,295	32,364	44,25	52,923	49,024	33,507	41,562	74,0	35,096	13,0	31,053	20,5	43,0	39,0	15,667	34,25	0	41,812	19,25	18,0	0	43,56	21,0	32,25	0	31,5	49,194	64,5	67,81	29,25	30,798	21,0	29,0	0	26,182	44,229	0	0	20,6	57,0	59,6	0	42,846
Anubis	52,333	11,0	191,125	41,125	38,855	38,697	49,303	42,422	47,175	47,618	55,257	49,528	41,734	48,959	45,6	36,16	0	29,18	53,295	30,229	0	39,898	35,497	47,4	0	36,333	31,903	63,0	0	44,75	19,0	51,657	54,52	36,107	53,191	35,467	45,778	25,667	43,444	47,587	36,292	0	27,737	0	8,0	65,6	116,333	56,0	49,75	0	44,196
outworld	0	0	0	124,0	0	0	36,783	0	52,0	0	30,909	67,333	29,0	0,5	20,684	59,833	59,667	0	13,0	0	0	0	7,0	0	0	0	0	0	0	0	29,0	36,0	0	0	0	28,2	0	0	31,864	0	0	0	16,0	24,0	0	0	0	0	3,0	0	32,0
mj	0	0	34,0	67,25	46,667	61,161	62,333	57,27	0	0	0	0	0	35,5	0	0	0	35,743	32,7	0	16,5	28,667	23,125	0	0	0	0	0	0	0	0	0	0	62,0	0	0	0	0	31,121	0	39,0	0	0	0	0	0	0	0	0	0	40,494
yipers	0	0	0	35,36	53,333	44,75	0	0	0	8,0	0	0	0	155,0	0	0	0	84,0	30,138	34,5	37,893	42,0	30,833	12,2	0	26,6	48,308	0	70,6	0	0	0	0	70,0	0	0	0	0	33,736	34,143	27,5	0	0	23,0	0	0	0	0	0	0	35,969
Glad	26,917	0	29,25	0	0	0	0	0	0	22,786	41,667	26,129	23,571	31,176	24,493	28,222	38,214	27,842	19,829	18,0	0	0	31,0	24,0	0	0	0	0	0	0	0	24,2	0	7,0	27,5	26,714	29,2	25,875	27,068	25,231	0	0	6,0	0	0	0	0	0	0	0	26,72
Atren	0	0	0	44,719	41,5	43,082	42,143	47,0	40,4	61,5	89,0	0	0	0	0	0	0	3,0	47,342	45,4	41,65	0	0	0	0	43,971	58,375	0	40,0	22,0	48,2	0	42,0	0	0	0	0	0	40,407	66,167	41,273	0	19,0	38,321	36,939	43,833	0	0	0	0	43,8
markal	0	0	0	49,0	0	50,0	0	0	0	0	73,5	85,5	0	91,333	0	83,6	0	60,882	99,936	0	168,556	45,667	0,0	127,0	0	0	0	0	0	176,0	0	0	0	0	0	0	0	0	93,694	67,385	0	0	46,672	0	0	0	0	0	0	0	78,8
Kaido.K	39,107	0	131,333	48,941	0	74,545	64,01	59,163	62,932	68,0	91,892	47,31	68,0	100,357	63,363	57,796	55,091	0	103,737	75,733	70,028	58,5	74,7	47,0	0	69,0	92,0	65,0	59,515	62,806	74,333	92,024	86,0	63,8	67,652	138,889	62,7	59,062	71,612	97,362	42,167	0	66,824	71,643	51,241	45,0	70,5	62,087	40,0	78,667	70,557
uudu	0	0	0	8,0	0	0	0	0	103,0	0	2,667	0	4,25	13,5	0	0	0	14,6	6,0	0	0	0	14,0	20,0	0	0	0	0	0	0	0	0	13,0	0	0,0	0	0	0	19,8	15,5	19,5	0	0	0	0	0	0	0	0	0	18,12
シkwaper	0	0	0	0	0	0	0	0	0	0	0	0	22,889	0	69,75	39,364	37,846	0	34,5	1,5	0	0	0	0	0	0	26,5	0	0	0	0	0	0	0	0	0	0	0	22,0	0	0	0	0	0	0	0	0	0	0	0	35,0
Patapon	0	0	0	0	0	0	0	0	90,316	71,5	73,125	59,714	138,0	48,471	53,462	84,769	49,5	0	129,375	0	69,5	0	0	0	0	0	0	0	0	0	36,5	76,462	0	42,75	103,667	52,833	0	99,0	57,778	0	0	0	85,0	0	60,0	0	0	0	0	0	67,578
Taurixz	49,2	0	0	0	0	79,0	65,25	38,0	45,879	77,25	65,026	113,5	69,875	88,0	53,429	55,15	40,286	31,6	0	0	0	0	50,0	0	0	0	0	0	0	76,455	0	62,0	0	0	113,0	59,833	0	0	48,111	0	0	0	0	77,913	46,463	0	0	0	0	0	58,085
André	0	0	0	0	0	49,368	0	51,091	59,591	38,111	37,9	56,842	47,672	42,286	39,8	83,857	0	0	67,625	21,5	0	0	0	0	0	0	62,4	0	0	76,0	0	56,667	0	0	119,0	58,812	0	0	46,95	43,5	0	0	0	0	0	0	0	0	0	0	51,825
Tristan	27,0	81,167	0	12,5	0	37,5	45,833	42,5	27,725	50,333	0	40,55	74,421	0	0	43,346	54,0	0	57,0	0	0	0	0	40,125	0	0	0	0	0	35,0	32,5	0	0	0	0	0	0	0	29,0	0	0	0	18,75	0	155,0	0	0	0	0	0	43,523
firehax	0	0	0	0	0	46,776	38,792	25,0	41,878	69,8	48,122	51,25	53,712	39,444	26,75	35,7	29,25	28,0	58,619	33,0	50,0	0	36,0	0	0	0	0	0	0	46,8	15,0	0	0	84,0	130,833	54,833	40,667	0	59,31	93,071	63,538	0	20,0	45,0	44,492	38,963	0	0	0	0	49,069
Ea	0	0	0	0	0	0	227,0	0	58,778	177,0	124,0	0	0	0	0	50,0	0	0	82,0	0	0	0	0	0	0	0	0	0	0	0	0	0	0	0	0	0	0	0	70,0	0	0	0	0	0	0	0	0	0	0	0	84,692
kaspar	0	0	0	43,0	26,0	31,667	7,667	28,75	17,0	0	31,714	0	20,0	0	8,0	0	0	16,25	23,917	0	28,0	0	68,0	0,0	0	7,0	0	0	0	0	0	0	0	0,0	0	0	0	0,0	22,233	37,5	14,75	0	7,5	21,6	0	0	0	0	0	0	22,595
Taavi	49,333	0	0	94,5	0	0	0	0	60,0	0	0	25,5	147,0	0	70,5	0	3,0	0	63,0	0	0	0	0	0	0	0	0	0	0	0	0	170,0	0	0	0	0	0	0	44,0	0	0	0	0	0	121,0	0	0	0	0	0	66,565
Pls no tilt	0	0	0	0	0	0	0	0	0	0	0	0	0	0	0	0	0	39,6	5,0	0	0	0	0	0	0	0	0	0	0	0	15,0	0	0	0	34,0	0	0	0	27,905	17,0	0	0	0	0	0	0	0	0	0	0	31,341
kenlaumets	0	0	0	21,0	64,8	39,5	77,0	0	0	35,0	0	84,333	49,357	112,0	21,0	0	17,0	0	28,417	42,5	0	4,0	0,0	0	0	0	0	0	0	0	0	0	0	50,714	33,111	0	0	0	27,611	22,0	16,0	0	0	0	0	0	0	0	0	0	38,319
andrestimate	0	0	0	0	0	0	0	0	0	0	0	0	0	28,0	0	0	0	0	38,5	0	0	0	0	0	0	0	0	0	0	0	0	117,0	0	0	0	0	0	0	109,0	0	0	0	0	0	0	0	0	0	0	0	51,3
Kert	56,75	0	0	47,0	0	0	41,667	33,333	24,117	38,833	39,545	59,5	34,74	18,438	21,3	14,0	0	12,25	41,542	28,789	43,333	0	39,278	0	0	0	0	0	0	24,93	39,636	58,0	0	0	0	0	31,429	0	24,771	43,393	0	0	88,071	0	40,786	30,179	20,75	0	0	0	31,887
hhar0ld	0	0	0	68,667	136,0	0	0	0	0	0	0	0	0	0	10,0	0	0	30,0	103,429	77,4	0	0	0,0	0	0	72,667	0	0	0	0	32,5	0	0	0	0	0	6,0	0	46,146	35,0	34,0	0	68,333	0	0	0	0	0	0	0	56,541
tankitõrje	0	0	0	0	0	0	0	0	0	0	0	0	0	0	0	0	0	10,0	0	0	0	0	0	0	0	0	0	0	0	0	0	0	0	0	0	0	0	0	19,5	0	0	0	0	0	0	0	0	0	0	0	18,636
f11	0	0	0	27,655	43,643	31,182	31,606	20,0	75,0	0	0	0	0	0	0	0	0	0	30,0	17,0	35,475	0	0	0	0	0	0	0	26,875	0	0	0	0	0	0	0	0	0	22,198	0	74,0	0	0	30,03	0	0	0	0	0	0	29,095
sutgon	54,0	0	0	68,429	53,429	44,667	49,7	19,0	47,571	47,333	151,0	76,588	0	22,0	43,5	58,0	58,0	22,333	54,683	0	0	0	0	0	0	75,0	0	0	0	0	0	0	0	21,0	0	0	0	0	48,891	65,385	73,5	0	47,333	63,404	117,125	124,0	88,833	48,0	134,5	37,4	57,642
Emily Joy Krohn	0	0	0	0	47,0	30,9	69,0	118,0	82,75	26,5	0	0	65,5	0	0	0	21,5	29,0	45,625	0	0	0	15,0	25,9	0	31,75	62,0	0	0	0	0	81,333	0	0	32,333	0	0	0	44,5	43,0	15,143	0	0	76,667	0	0	0	0	0	0	42,257
Liis	0	0	0	0	0	0	0	0	82,857	22,0	66,0	0	71,333	0	83,2	43,667	79,25	0	38,5	0	0	0	0	0	0	108,0	0	0	0	0	0	0	0	0	0	0	103,5	0	32,8	0	0	0	0	0	0	87,833	0	65,0	0	0	67,155
Tärk	42,9	122,75	0	48,769	71,75	119,0	0	82,2	20,0	92,6	25,0	69,0	25,0	81,0	69,702	0,0	0	0,0	75,458	103,889	108,833	0	24,333	46,667	0	36,333	51,167	0	68,0	122,75	126,0	62,8	109,0	76,6	0	0	0	0	99,848	91,5	152,5	0	37,375	47,5	41,0	24,75	0	0	19,0	0	71,633
Tanel	0	0	0	46,25	0	63,714	0	51,545	0	59,0	0	51,0	79,75	60,727	0	0	0	0	51,741	0	0	27,0	45,0	49,0	0	0	28,833	0	0	75,5	0	0	0	0	47,238	0	0	0	59,483	59,6	0	0	0	0	0	0	0	0	0	0	55,364
Janar	0	0	0	38,28	45,333	0	0	0	0	0	0	0	0	47,143	0	34,379	0	82,167	30,745	59,0	15,0	0	0	0	0	32,571	0	0	0	0	0	0	0	0	32,571	0	0	0	35,062	58,0	0	0	0	0	0	0	0	0	0	0	37,137
SkullTiger	0	0	0	0	0	0	0	0	42,222	80,5	51,0	0	28,0	0	0	0	0	0	0	30,5	0	0	0,0	0	0	0	0	0	0	0	46,0	0	0	0	0	0	0	0	28,0	0	0	0	0	0	0	0	0	0	0	0	37,488
sqvat	0	0	0	0	0	0	0	0	0	0	0	40,667	0	0	0	64,2	0	0	0	0	0	0	0	0	0	0	0	0	0	0	0	41,0	0	0	0	0	0	0	127,5	0	0	0	0	0	0	0	0	0	0	0	65,0
rs	0	0	0	0	0	78,8	0	0	50,143	0	0	0	165,0	0	412,0	0	0	0	96,571	0	0	0	0	0	0	0	0	0	0	225,0	0	0	0	0	0	0	0	0	119,5	163,0	0	0	82,565	0	0	0	0,0	0	0	0	92,327
frang	0	0	0	0	0	0	0	0	0	21,0	0	0	0	0	0	0	0	27,958	14,0	4,667	0	0	17,538	10,5	0	0	0	0	0	0	0	0	0	0	0	0	0	0	22,44	13,692	0	0	1,0	0	0	0	0	0	0	0	21,726
Piidur	0	0	0	0	0	0	0	0	0	0	0	0	0	0	0	0	0	9,158	43,0	1,0	0	10,0	5,886	0	0	0	0	0	0	0	0	0	0	0	0	0	0	0	15,986	12,625	0	0	0	0	0	0	0	0	0	0	12,252
Venres	0	0	0	0	0	0	0	0	0	0	0	0	0	0	0	0	0	0	0	0	0	0	0	0	0	0	0	0	0	0	0	0	0	0	0	0	0	0	25,4	0	0	0	0	0	0	0	0	0	0	0	25,4
StoneMalone	0	0	0	0	0	0	0	0	0	0	0	0	0	0	0	0	0	0	0	0	0	0	11,667	0	0	0	0	0	0	0	0	0	0	0	0	0	0	0	19,0	9,5	0	0	0	0	0	0	0	0	0	0	14,9
Karl-Joosep	0	0	0	0	0	0	86,667	0	35,625	0	0	0	25,5	58,625	52,0	49,429	51,667	0	0	0	0	0	0	0	0	0	0	0	0	0	0	0	0	45,667	0	129,0	0	0	11,0	0	0	0	0	100,0	0	0	0	0	0	0	57,592
SapnikZ	13,222	0	0	0	13,0	26,484	38,737	25,0	0	0	34,769	33,5	22,622	31,792	36,25	30,655	0	0	36,966	11,333	0	0	15,0	0	0	14,0	21,833	0	0	0	0	0	38,0	23,412	17,136	0	0	38,75	23,091	52,0	0	0	0	0	0	0	0	0	0	0	27,722
Anurist	0	0	0	0	145,0	0	116,0	0	81,5	0	89,857	37,0	51,4	82,889	0	112,167	0	106,0	49,857	25,133	0	36,5	0	0	0	0	0	0	0	111,222	0	0	0	0	14,0	71,667	0	79,0	51,583	47,0	0	0	30,857	0	0	0	0	0	0	0	59,954
Aleksander Smirnov	0	0	0	79,667	0	163,2	47,667	0	0	0	0	0	0	0	0	0	0	0	0	0	66,0	0	0	0	0	0	0	0	0	0	0	0	0	0	0	0	0	0	31,0	0	0	0	0	0	0	0	0	0	0	0	89,875
lliizu	0	0	0	0	0	40,143	53,5	0	49,0	0	0	36,0	35,667	0	64,0	0	0	0	47,333	0	0	0	0	0	0	38,0	0	0	0	0	0	0	0	0	41,0	0	0	0	33,0	67,0	0	0	0	0	0	0	0	0	0	0	44,615
HipSterius	0	0	0	41,0	0	63,882	28,353	38,2	36,388	5,5	24,0	0	30,667	23,5	24,0	77,267	0	0	27,5	34,25	0	0	52,0	0	0	53,5	29,333	0	0	0	30,2	0	0	0	0	0	0	0	37,75	33,429	0	0	0	62,0	0	0	0	0	0	0	39,384
durgress	0	0	0	0	30,333	41,25	31,8	0	0	0	0	0	0	42,0	0	0	0	0	65,333	0	24,667	0	34,0	61,0	0	0	0	0	0	0	0	0	0	0	34,0	0	0	0	16,333	15,0	0	0	0	0	0	0	0	0	0	0	34,585
Rait K3	0	0	0	0	0	0	0	0	0	0	0	188,0	0	0	0	0	0,0	26,0	6,0	0	0	0	30,25	16,75	0	0	0	0	0	0	0	0	0	0	0	0	0	0	39,545	0	0	0	31,6	0	0	0	0	0	0	0	38,194
KristjanP	0	0	0	36,833	0	37,067	41,357	108,333	36,75	0	0	25,8	0	40,875	0	0	0	0	0	0	0	0	0	0	0	19,671	0	0	0	0	0	0	0	0	0	0	0	0	34,5	0	0	0	0	0	0	0	0	0	0	0	25,924
Aivar Hinrikus	0	0	0	48,429	92,68	0	0	0	0	54,0	86,194	59,444	57,833	0	0	0	0	0	75,2	0	0	0	0	0	0	0	57,038	0	0	0	97,615	0	0	0	0	52,0	0	0	163,6	0	0	0	0	0	0	0	0	0	0	0	74,188
Lightning	0	0	0	45,333	298,5	0	76,333	92,643	103,811	44,556	85,875	130,286	0	48,333	0	70,0	0	0	0	0	81,455	0	0	0	0	0	104,8	0	0	0	0	37,714	193,0	0	157,0	0	0	0	64,8	0	0	0	62,143	0	0	0	0	0	0	0	81,614
timmu	0	0	0	0	52,0	86,625	0	0	50,846	0	51,857	51,606	61,412	50,667	0	0	0	0	0	0	0	0	0	0	0	0	39,0	0	0	0	0	0	0	48,875	85,0	0	0	0	39,333	0	0	0	0	0	88,0	66,75	64,125	0	0	0	56,667
Skye	0	0	0	0	0	0	0	0	27,0	0	37,0	22,0	0	0	0	0	0	0	43,576	0	0	0	102,0	0	0	0	0	0	0	0	94,0	59,429	0	0	0	0	0	0	38,5	40,55	0	0	0	168,0	52,4	70,4	33,18	0	0	0	42,075
andres	0	0	0	44,5	29,75	0	31,5	0	0	19,0	0	0	0	0	0	0	0	22,0	74,0	0	40,2	0	0	0	0	11,0	0	0	0	0	0	0	0	0	0	0	0	0	24,429	0	0	0	0	0	0	0	0	0	0	0	36,87
ER	0	0	0	0	0	64,929	0	58,933	56,141	88,6	46,654	101,0	48,156	43,067	48,0	65,492	47,5	0	69,483	0	70,074	114,0	116,625	106,0	0	33,0	41,84	0	0	41,667	97,25	64,0	81,25	68,0	57,535	29,0	68,25	0	76,524	0	0	0	57,0	0	64,619	25,4	0	0	0	0	62,685
MZ	38,118	0	0	0	0	123,833	30,0	0	0	0	0	0	0	87,273	0	53,825	0	0	38,0	0	0	0	11,125	0	0	0	0	0	0	0	0	0	0	0	0	79,5	0	0	34,667	0	0	0	0	0	0	0	0	0	0	0	52,842
lolxd	0	0	0	0	0	0	0	0	0	0	0	0	21,333	0	1,0	0	0	0	15,4	63,0	0	39,75	0	0	0	0	0	0	0	0	0	97,5	0	0	0	0	0	0	88,0	0	0	0	144,0	0	0	0	0	0	0	0	48,56
Risto	0	0	0	71,0	0	0	0	0	0	0	0	76,667	49,333	0	0	0	0	9,0	51,0	0	0	0	0,0	30,0	0	135,0	0	0	0	0	0	0	0	0	0	0	0	0	9,75	17,0	0	0	0	0	0	0	0	0	0	0	37,571
Andri	0	0	0	0	0	36,641	60,667	0	0	123,0	67,529	0	90,0	0	65,222	54,571	65,176	0	75,286	0	0	32,0	0	0	0	201,0	0	0	0	0	0	148,0	0	0	0	0	0	0	65,069	0	0	0	0	38,444	0	0	0	0	0	0	57,75
bode	0	0	0	76,375	30,0	49,0	50,211	0	0	0	0	0	36,0	44,167	64,585	0	0	0	55,059	0	0	38,5	0,0	0	0	0	0	0	0	0	0	0	0	0	0	0	0	0	32,923	30,0	39,5	0	0	0	0	0	0	0	0	0	52,5
$A$HA	6,0	0	0	0	0	0	62,667	123,4	66,786	87,917	78,143	83,409	40,389	58,667	78,2	122,0	0	0	66,6	0	0	0	45,0	26,0	0	43,0	0	0	0	34,0	0	78,333	0	0	0	0	14,0	0	54,0	148,0	0	0	0	0	0	0	0	0	0	72,667	70,542
Raul	54,545	0	0	0	0	47,087	28,571	26,0	72,327	0	107,35	0	68,5	62,333	56,697	65,17	70,25	0	55,583	0	0	0	0	0	0	0	0	0	0	0	125,0	42,75	0	0	66,979	74,0	48,143	0	59,286	0	0	0	0	51,615	61,412	0	0	0	0	0	62,839
KristjanErik	0	0	0	0	0	0	0	0	0	0	0	0	0	0	0	48,667	0	0	0	0	0	0	0	0	0	0	0	0	0	0	0	0	0	0	0	0	0	0	9,125	0	0	0	0	0	0	0	0	0	0	0	19,909
kristjan.	0	0	0	0	0	33,0	0	91,0	8,5	0	97,0	0	0	0	0	0	0	0	56,091	0	0	0	0	0	0	0	0	0	0	25,25	0	0	0	0	0	0	0	0	32,727	0	0	0	0	112,333	0	0	0	0	0	0	53,237
TheCreepySheep	44,083	0	29,0	34,024	21,071	40,355	38,1	29,952	26,797	40,8	44,091	19,167	48,818	81,667	63,095	35,948	50,167	0	41,06	26,571	0	0	18,091	28,0	0	30,082	30,913	12,0	22,4	39,75	39,9	0	0	0	39,4	0	103,0	0	37,461	37,238	35,932	0	31,467	24,37	40,8	34,208	40,564	22,5	27,5	0	36,478
VanWolfing	0	0	0	19,333	3,0	41,556	47,25	59,0	27,0	62,0	0	0	0	53,333	0	0	0	45,0	45,579	0	0	52,333	0	64,0	0	33,4	0	0	0	0	88,0	31,667	0	0	0	0	0	0	35,909	45,333	66,25	0	23,0	39,8	40,0	0	0	0	0	0	46,406
reneberkmann	0	0	0	113,5	0	46,75	17,75	0	0	0	0	99,5	28,429	0	0	0	27,0	0	45,5	0	52,72	0	0	0	0	0	0	0	0	0	0	0	33,889	0	0	0	0	0	22,25	0	0	0	0	76,333	0	0	0	0	0	0	46,843
raltm2e	0	0	0	0	17,0	20,526	0	0	16,8	64,6	10,0	0	0	0	0	0	0	0	65,333	40,0	0	18,0	0,0	0	0	0	0	0	0	18,0	12,0	44,4	0	0	0	0	0	0	33,167	0	42,0	0	0	25,5	0	0	0	0	0	0	29,955
renar	0	0	0	0	0	0	0	0	0	0	0	0	0	0	0	0	0	0	0	0	0	0	0	0	0	0	0	0	0	0	0	0	0	0	0	0	0	0	81,0	0	0	0	0	0	0	0	0	0	0	0	81,0
RSam	0	0	0	0	0	0	0	0	0	51,333	0	0	0	265,0	0	0	0	0	0	0	30,0	0	0	0	0	0	0	0	0	0	0	0	0	0	0	0	0	0	107,0	0	0	0	0	0	66,5	28,0	0	0	0	44,357	54,923
SiimM	0	0	0	22,0	37,667	78,5	46,286	128,667	57,444	0	64,571	27,947	55,143	25,364	0	0	0	0	33,5	0	0	28,5	0	0	0	0	0	0	0	33,231	15,0	61,5	0	0	55,25	0	26,667	0	68,5	0	84,5	0	51,0	0	0	0	0	0	0	0	46,283
PeebukasNagmir69	0	0	0	0	0	89,667	0	75,667	69,667	48,778	63,692	120,0	0	170,0	0	89,8	3,0	0	29,0	0	0	85,0	0	0	0	0	0	0	0	0	0	94,25	0	0	32,667	89,75	0	0	88,0	0	0	0	0	0	0	0	0	0	0	0	73,549
Holger	0	0	0	0	0	74,857	43,65	0	46,875	45,375	90,0	50,818	75,556	0	63,221	0	0	0	0	0	40,5	0	0	0	0	0	0	0	44,7	70,4	0	0	0	0	0	0	0	0	88,5	0	0	0	0	0	0	0	0	0	0	0	57,723
andreivassiljev	40,333	0	0	99,667	35,0	77,833	59,556	78,667	59,538	0	97,8	45,2	67,636	0	0	57,8	0	0	50,0	0	0	0	0	28,0	0	53,5	0	0	0	54,2	0	117,6	0	0	73,545	0	0	0	77,0	46,0	0	0	0	0	0	0	0	0	0	0	62,614
sociaL97	0	0	0	0	0	0	0	0	0	0	0	0	0	0	0	0	0	0	49,0	0	0	0	0	0	0	0	0	0	0	0	0	0	0	0	0	0	0	0	65,0	0	0	0	0	0	0	0	0	0	0	0	53,0
Alex.	0	0	0	18,2	0	48,625	63,0	0	0	0	0	0	57,333	32,1	38,5	29,25	52,767	0	22,467	0	0	0	0,0	0	0	0	0	0	0	0	0	0	0	0	0	0	29,333	0	57,0	0	0	0	0	0	0	0	0	0	0	0	40,065
G[A]stly	0	0	0	31,941	0	0	0	0	134,333	0	40,0	0	0	0	82,5	0	0	0	85,333	0	0	0	0	0	0	0	0	0	0	98,8	0	0	0	0	0	31,5	0	0	152,0	0	0	0	96,5	41,833	45,658	290,0	0	60,375	0	0	57,14
zetty	0	0	0	45,0	102,0	51,667	0	0	0	0	0	0	0	52,0	0	0	0	0	24,167	0	27,0	46,0	15,667	0	0	0	40,4	0	0	0	0	0	0	0	0	0	0	0	32,35	0	0	0	0	15,0	9,0	0	0	0	0	0	34,407
Th3_D4ng3r	0	0	0	0	0	0	0	0	0	0	0	0	0	0	0	0	0	0	0	0	0	0	0	0	0	0	0	0	0	0	0	0	0	0	0	0	0	0	16,667	0	0	0	0	0	0	0	0	0	0	0	16,667
kaalikas	0	0	0	0	157,5	22,8	0	0	0	0	0	0	0	0	0	0	0	0	7,0	0	0	0	0	0	0	0	34,0	0	0	0	0	0	0	0	0	0	0	0	36,333	0	0	0	0	21,6	0	0	0	0	0	0	39,524
Lammas	0	0	0	0	0	0	0	0	19,0	0	0	0	0	0	0	0	0	0	0	0	0	0	0	0	0	0	0	0	0	44,167	0	0	0	0	0	0	0	0	25,0	0	0	0	0	0	0	0	0	0	0	0	38,625
semph	0	0	0	65,667	0	159,0	0	95,0	0	0	0	0	0	0	0	0	0	0	32,5	0	0	0	0	0	0	0	0	0	0	0	0	0	0	0	0	0	0	0	26,75	0	25,5	0	0	70,0	0	0	0	0	0	0	54,267
jkymmel	0	0	0	48,722	0	0	0	0	0	0	0	0	0	0	0	0	0	0	42,25	0	0	0	0	0	0	34,333	51,0	0	0	0	0	0	0	0	0	46,0	0	0	39,222	52,333	0	0	44,0	24,0	0	0	0	0	0	0	43,244
Entityknownevil	0	0	0	0	0	0	0	0	0	0	0	0	0	0	0	0	0	0	0	0	0	0	0	0	0	0	0	0	0	0	0	0	0	0	0	0	0	0	10,0	0	0	0	0	0	0	0	0	0	0	0	10,0
blender ™	0	0	0	0	0	0	0	0	0	0	0	0	0	0	0	0	0	0	0	0	0	0	0	0	0	0	0	0	0	0	0	0	0	0	0	0	0	0	3,286	0	0	0	0	0	0	0	0	0	0	0	3,286
JaagupSelli	0	0	0	53,941	29,0	24,0	60,5	0	0	57,0	44,5	0	49,0	0	0	0	0	0	33,696	66,0	0	0	25,5	0	0	24,75	0	0	0	0	0	0	0	0	0	0	0	0	44,625	20,857	26,6	0	0	30,0	30,667	0	0	0	0	0	38,427
NeljaRaudne	0	0	0	0	0	0	0	0	0	0	0	0	0	0	0	0	0	0	36,25	0	0	0	0	0	0	0	0	0	0	0	0	0	0	0	0	0	0	0	44,75	0	0	0	0	0	0	0	0	0	0	0	41,35
L1ghtK	0	0	0	39,0	0	81,0	0	0	0	0	0	39,5	28,2	0	0	58,714	25,25	0	0	0	0	0	0	0	0	0	0	0	0	26,267	0	0	0	0	55,5	0	0	0	58,0	0	0	0	0	0	0	0	0	0	0	0	38,939
maeiteamidagi	0	0	0	99,0	60,6	0	0	41,0	0	0	0	0	0	0	0	0	0	0	0	0	0	0	0	0	0	0	0	0	0	0	0	0	0	0	32,0	0	0	0	67,0	0	0	0	57,562	0	0	0	0	0	0	0	59,697
lenny666	0	0	0	0	0	96,875	103,647	0	101,265	154,286	112,125	0	55,75	132,944	0	246,333	0	0,0	68,0	100,0	112,857	0	0	0	0	92,0	132,0	0	0	108,286	0	0	0	0	165,5	0	0	191,0	29,5	0	0	0	177,0	0	158,667	0	0	0	0	0	110,735
kermz	0	0	0	36,0	94,5	0	0	0	79,0	0	91,5	0	39,0	0	0	0	0	17,333	46,643	0	57,196	0	0,0	0	0	35,727	0	0	0	41,778	0	30,0	0	0	0	0	0	0	25,857	36,667	52,083	0	0	0	0	0	0	0	0	0	46,06
beatrix	0	0	0	23,4	0	0	26,0	20,667	0	0	0	0	0	0	0	0	0	0,0	0	0	0	0	0	0	0	42,467	0	0	0	27,714	0	0	0	0	0	0	0	0	35,667	49,5	0	0	0	0	0	0	0	0	0	0	33,92
JoosepE	0	0	0	0	0	0	0	0	0	0	0	0	0	0	0	0	0	0	0	0	35,5	0	0	0	0	0	0	0	0	0	0	0	0	0	0	0	0	0	25,0	0	0	0	0	0	0	0	0	0	0	0	30,25
Alkeze	0	0	0	0	0	0	0	0	0	0	0	0	0	0	0	0	0	0	41,0	0	0	0	0,0	0	0	66,0	0	0	0	0	0	0	0	0	0	0	0	0	10,0	0	0	0	0	0	0	0	0	0	0	0	36,6
ProtoMolecule	0	0	0	116,667	115,286	78,118	97,5	83,1	0	0	198,556	0	0	0	0	0	0	0	144,278	0	81,478	0	0	0	0	0	64,0	0	0	0	0	71,811	0	0	0	0	0	0	0,0	89,125	0	0	0	0	0	0	0	0	0	0	96,136
margus	0	0	0	58,25	0	0	0	107,0	69,455	0	0	68,583	0	0	0	0	0	0	37,714	29,0	73,031	0	0	0	0	69,0	0	50,5	72,0	51,667	0	0	0	0	0	0	0	0	54,714	0	23,667	0	0	50,467	0	0	0	0	0	0	62,745
Dave_Shinji	0	0	0	15,5	0	33,225	27,894	0	27,125	0	36,333	0	58,4	29,0	27,4	39,424	0	0	18,268	0	0	0	0	0	0	20,375	0	0	0	0	0	0	0	0	24,0	0	120,5	0	28,476	0	0	0	0	0	0	0	0	0	0	0	29,042
Kristjan	0	0	0	0	0	37,643	0	38,8	12,0	13,667	29,273	0	0	0	0	0	0	0	67,667	37,75	0	0	0	0	0	0	0	0	0	19,125	7,0	21,636	0	0	0	0	0	0	59,0	48,333	0	0	0	0	0	0	0	0	0	0	33,225
9to5	0	0	0	16,5	0	39,0	0	0	0	0	0	0	0	0	0	0	0	0	29,714	0	0	0	0	0	0	27,432	0	0	0	0	0	0	0	0	0	0	0	0	28,0	0	0	0	0	0	0	0	0	0	0	0	28,325
Sõne	0	0	0	0	0	0	0	0	0	0	0	0	0	0	0	0	0	0	66,857	31,0	49,591	0	0	0	0	16,0	0	0	0	0	0	0	0	0	0	0	0	0	30,5	0	0	0	0	0	0	0	0	0	0	0	48,351
AndG	0	0	0	0	0	0	0	0	0	0	0	0	0	0	0	0	0	0	50,419	0	0	0	0	0	0	0	0	0	0	0	0	0	0	0	0	0	0	0	26,833	0	0	0	0	0	0	0	0	0	0	0	43,837
Oskar	49,0	24,0	0	0	0	0	66,4	0	0	87,0	0	0	0	39,667	22,579	0	0	0	22,0	0	0	0	0	0	0	17,0	0	0	0	0	0	0	0	0	0	0	0	0	26,167	15,2	0	0	0	0	35,667	23,333	0	0	0	0	27,978
Tafka	0	0	0	0	0	33,0	49,875	44,263	0	0	0	0	0	0	0	0	0	0	0	0	0	0	0	0	0	0	0	0	0	0	0	0	0	0	0	0	0	0	15,5	15,0	0	0	0	0	0	0	0	0	0	0	41,97
lava	0	0	0	26,0	0	0	0	0	0	32,0	0	0	0	0	0	0	0	0	33,0	0	14,667	0	0	8,0	0	0	0	0	0	0	0	0	0	0	0	0	0	0	27,429	0	0	0	0	0	0	0	0	0	0	0	25,056
teeleht	0	0	0	0	0	0	0	0	0	45,667	47,5	3,0	67,375	0	0	113,25	63,6	0	73,5	0	0	0	0	0	0	0	0	0	0	0	0	311,0	0	0	0	0	0	0	10,0	0	0	0	0	0	0	0	0	0	0	0	72,844
TightRobotron	0	0	0	23,167	0	0	0	0	0	0	0	0	0	0	0	0	0	0	0	0	0	0	0	0	0	0	0	0	0	0	0	0	0	0	0	0	0	0	3,0	0	0	0	0	0	0	0	0	0	0	0	20,286
Teisi-LIis	0	0	0	76,0	0	0	0	0	0	82,5	0	20,5	73,273	35,2	0	0	0	0	71,333	0	0	0	0	0	0	0	0	0	0	52,25	0	0	0	0	69,667	0	43,2	0	32,0	0	0	0	22,429	0	0	0	0	0	0	0	52,907
Kristina	0	0	0	0	0	0	0	0	0	0	0	0	0	0	0	0	0	0	156,5	0	183,0	0	0	0	0	0	0	0	0	0	0	0	0	0	0	0	0	0	174,0	0	0	0	0	0	0	0	0	0	0	0	167,5
Anja	0	0	0	29,571	0	0	0	15,0	0	0	0	0	0	58,36	0	0	0	0	58,5	0	0	0	0	0	0	37,0	0	0	0	0	0	0	0	0	26,8	0	0	0	51,8	0	0	0	0	35,0	0	0	0	0	0	0	50,442
SmileyMusic	0	0	0	0	0	0	0	0	0	0	0	0	0	0	0	0	0	0	6,0	0	0	0	0	0	0	0	0	0	0	0	0	0	0	0	0	0	0	0	23,5	0	0	0	0	0	0	0	0	0	0	0	17,667
Ely	0	0	0	16,444	0	0	0	0	0	0	0	0	0	0	0	0	0	0	36,167	0	0	0	0	0	0	27,294	0	0	0	0	0	0	0	0	0	0	0	0	50,0	13,625	32,667	0	0	0	0	0	0	0	0	0	25,191
Edvin	0	0	0	62,0	135,0	95,933	57,19	92,4	62,273	114,333	51,0	66,394	192,0	39,667	107,271	122,08	59,36	0	123,333	0	53,277	0	12,0	0	0	0	73,125	105,5	42,857	75,329	0	112,824	72,444	0	114,167	0	0	0	29,0	0	42,5	0	57,444	80,5	0	0	0	0	0	0	78,23
Ahti	0	0	0	0	43,143	0	0	0	0	169,0	0	0	0	0	0	0	0	0	17,0	0	71,307	0	0	0	271,0	0	0	0	0	0	0	0	0	0	0	0	0	0	14,333	23,048	0	0	0	0	0	0	0	0	0	0	61,877
KrabyK	0	0	0	0	0	0	0	0	0	0	0	0	0	0	0	0	0	0	6,0	0	0	0	0	0	0	0	0	0	0	0	0	0	0	0	0	0	0	0	28,0	0	0	0	0	0	0	0	0	0	0	0	20,667
Olari	0	0	0	37,125	0	0	0	0	0	0	0	0	0	0	0	0	0	0	0	0	46,139	0	0	0	0	0	0	0	0	0	0	0	0	0	0	0	0	0	3,0	0	0	0	0	0	0	0	0	0	0	0	42,604
IlmarB	0	0	0	57,0	0	158,0	0	49,667	0	0	0	94,0	90,333	50,0	17,0	0	0	0	65,5	0	0	0	0	0	0	0	0	0	0	0	0	0	0	0	61,333	0	0	0	77,5	0	50,0	0	0	50,333	0	0	0	0	0	0	62,714
Karis	0	0	0	50,667	0	0	0	41,0	0	0	0	0	0	34,0	0	0	0	0	49,8	0	0	26,0	0	0	0	0	0	0	0	76,0	0	53,6	0	17,667	0	0	0	0	0	92,5	0	0	0	0	0	0	0	0	0	0	48,0
krohtla	7,0	0	73,0	143,2	0	104,714	53,611	59,318	56,495	70,978	81,767	64,542	79,896	60,056	0	88,875	35,5	59,0	45,593	72,0	77,128	0	34,143	63,333	0	0	0	46,5	86,333	63,826	77,375	70,958	61,077	37,0	73,783	0	0	58,714	0	42,211	39,0	0	22,333	46,769	43,6	56,714	47,0	0	0	0	64,381
Scharlett	0	0	926,0	0	157,833	85,833	60,0	108,8	118,667	0	0	0	0	0	0	0	0	0	50,727	0	144,615	0	0	0	0	0	0	0	0	0	0	0	79,667	0	0	0	0	0	0	66,0	73,75	0	28,667	0	0	0	0	0	0	0	114,922
LarsAsi	0	0	0	0	0	0	0	33,061	32,965	25,4	50,929	38,462	0	0	36,0	43,696	60,0	0	55,75	0	0	4,0	0	0	0	0	0	0	0	40,875	73,5	11,0	0	0	0	0	0	0	0	40,0	0	0	0	0	0	0	0	0	0	0	36,954
Deleted User	0	0	0	0	355,0	56,5	0	95,5	188,0	0	0	0	0	0	0	0	0	0	167,667	0	0	0	0	0	0	0	176,0	0	0	0	0	0	0	0	0	0	0	0	0	164,333	100,333	0	0	0	0	0	0	0	0	0	149,45
JanTreier	0	0	0	23,5	0	0	0	0	26,75	0	0	0	0	0	0	0	0	0	0	0	0	0	0,0	0	0	0	0	0	0	0	0	0	0	0	0	0	0	0	0	72,857	27,0	0	0	0	0	0	0	0	0	0	36,097
MeusChapeus	0,0	0	0	0	0	112,571	109,0	69,692	51,679	0	90,0	66,0	0	113,889	0	52,383	146,0	0	0	0	86,0	0	86,167	0	0	0	0	0	0	60,0	59,0	151,0	0	0	58,857	72,4	0	0	0	50,0	0	0	0	0	0	0	0	0	0	0	63,527
Ivo	0	0	0	0	0	0	0	0	0	0	0	0	0	0	0	0	0	0	5,0	0	52,259	0	0	0	0	0	0	0	0	0	0	0	0	0	0	0	0	0	0	123,5	0	0	0	0	0	0	0	0	0	0	55,433
raimondl	0	0	0	0	0	0	92,3	0	0	0	0	0	0	0	0	0	0	0	44,0	0	41,75	0	0	0	0	58,2	0	0	35,0	0	0	0	0	0	0	0	0	69,25	0	69,25	45,0	0	0	0	0	0	0	0	0	0	67,333
Raggamasta	0	0	0	0	11,0	30,857	81,0	59,143	40,889	104,0	55,667	0	63,0	5,0	0	0	0	0	33,667	0	0	0	0	0	0	31,0	0	0	0	72,0	0	0	0	25,0	0	0	0	0	0	31,0	0	0	0	0	0	0	0	0	0	0	43,659
Karliito	0	0	0	0	9,0	0	0	97,0	0	0	110,5	65,143	0	0	0	0	0	0	28,0	64,2	0	0	0	0	0	0	0	0	0	0	0	2,0	0	0	0	0	0	0	0	84,5	0	0	0	0	0	0	0	0	0	0	65,15
HarriH	0	0	0	47,765	0	49,28	84,417	0	109,0	0	0	0	69,194	35,5	0	0	0	0	101,4	0	72,806	0	0	0	0	47,5	69,091	0	0	43,0	10,0	92,5	0	0	0	0	0	0	0	25,5	61,778	0	0	112,0	0	0	0	0	0	0	65,154
Tidrexion	0	0	0	97,5	0	61,5	82,0	45,667	25,0	0	58,36	0	11,0	94,5	0	78,35	0	0	75,5	0	0	0	43,0	0	0	0	0	0	0	0	0	169,0	0	0	0	0	0	0	0	90,0	0	0	39,714	64,957	0	0	0	0	0	0	65,667
mikklahe	0	0	0	43,938	30,333	0	0	0	0	0	0	0	0	0	0	0	0	0	0	0	48,5	0	0	0	0	0	0	0	0	0	0	0	0	0	0	0	0	0	0	68,0	0	0	0	0	0	0	0	0	0	0	49,389
fox	0	0	0	122,0	53,0	34,667	47,0	38,0	0	0	0	0	0	0	0	0	0	0	67,571	62,5	78,111	0	0	0	0	0	0	0	0	0	0	0	0	0	0	0	0	0	0	16,5	87,182	0	0	0	0	0	0	0	0	0	66,052
Ken	0	0	0	25,041	0	46,0	29,852	0	0	35,071	50,875	0	93,6	0	0	0	0	0	30,429	0	57,047	0	0	0	0	0	0	0	0	0	0	79,333	0	0	0	0	0	0	0	23,444	26,75	0	0	40,955	28,5	0	0	0	0	0	37,154
PiiaMiia	0	0	0	0	0	0	0	0	0	0	0	0	0	0	0	0	0	0	15,25	0	0	0	0	0	0	0	0	0	0	0	0	0	0	0	0	0	0	0	0	32,5	0	0	0	0	0	0	0	0	0	0	27,571
123321	0	0	0	0	0	130,0	0	0	0	0	0	0	60,308	0	0	76,667	0	0	0	18,5	40,2	0	0	0	0	0	0	0	0	0	0	0	0	0	0	0	0	0	0	0	39,182	0	0	0	0	0	0	0	0	0	46,374
pesalu	0	0	0	47,588	0	77,362	92,895	81,013	0	0	0	0	84,4	0	0	0	0	0	0	64,5	84,905	0	0	0	0	0	86,917	94,0	144,0	0	0	0	0	58,357	0	34,0	0	0	0	0	0	0	42,2	0	0	0	0	0	0	0	78,018
ErkkiA	0	0	0	88,111	0	0	0	0	0	0	0	0	0	260,2	119,0	59,429	0	0	21,0	0	97,0	0	0	0	0	0	0	0	0	105,286	0	0	0	0	0	134,5	0	0	0	0	0	0	0	0	0	0	0	0	0	0	99,111
Margo	0	0	0	0	0	46,5	0	0	0	0	167,333	114,0	302,0	0	0	0	45,0	0	0	0	41,0	0	0	0	0	0	0	0	0	0	0	209,0	0	0	99,0	776,0	0	288,0	0	0	0	0	0	0	0	0	0	0	0	0	198,375
kf	0	0	0	160,0	0	0	0	0	0	90,0	0	0	41,857	0	0	0	0	0	78,0	0	123,0	0	0	0	0	0	0	0	0	0	0	0	0	0	81,0	0	0	0	0	0	0	0	0	0	0	0	0	0	0	0	79,375
Kristo	0	0	0	0	0	0	0	0	0	0	0	0	0	23,0	0	0	0	0	0	0	40,333	0	0	0	0	0	0	0	0	0	0	0	0	0	0	0	0	0	0	0	0	0	0	47,0	0	0	0	0	0	0	38,2
KO	0	0	0	0	0	0	0	0	0	0	0	216,5	0	0	0	0	0	0	0	0	247,0	0	0	0	0	0	0	0	0	0	0	0	0	0	0	0	0	0	0	0	0	0	0	0	0	0	0	0	0	0	226,667
Frank	0	0	0	43,333	127,0	29,0	32,5	39,5	17,0	35,25	0	0	0	0	0	0	0	0	0	14,0	64,5	0	0	0	0	0	0	0	67,5	20,5	0	0	0	0	0	0	0	0	0	0	0	0	0	49,0	0	88,0	0	0	0	0	45,135
jevg	0	0	0	0	0	0	0	0	0	0	0	0	0	0	0	0	0	0	0	0	71,75	0	0	0	0	0	0	0	0	0	0	75,5	0	0	0	0	0	0	0	0	0	0	0	0	0	0	0	0	0	0	73,0
KrisTi	0	0	0	129,2	0	97,0	129,286	78,5	0	0	0	0	0	0	0	0	0	0	88,5	0	72,357	0	0	0	0	154,0	81,722	0	129,25	134,714	0	0	0	0	0	0	0	0	0	0	297,667	0	0	0	0	0	0	0	0	0	114,661
eikall	0	0	0	0	0	0	0	0	128,0	0	0	0	65,4	0	0	141,5	0	0	0	0	63,067	0	0	0	0	0	0	0	0	0	0	0	0	0	238,0	0	0	0	0	0	0	0	0	0	0	0	0	0	0	0	84,808
taavet	0	0	0	0	0	234,5	76,0	0	273,75	0	0	0	106,0	142,0	0	0	0	0	0	0	360,75	0	0	0	0	0	0	0	209,0	0	0	0	0	0	0	0	0	0	0	0	0	0	0	0	437,167	168,0	0	0	0	0	300,926
kristinamerlyn	0	0	0	0	0	0	0	0	0	0	0	0	0	0	0	0	0	0	174,571	0	102,692	0	0,0	0	0	0	0	39,0	0	0	0	0	0	0	0	0	0	0	0	0	0	0	0	0	0	0	0	0	0	0	106,88
nooblander	0	0	0	0	0	0	0	0	0	0	0	0	0	0	0	0	0	0	0	0	79,821	0	0	0	0	0	0	0	0	0	0	0	0	0	0	0	0	0	0	0	0	0	0	0	0	0	0	0	0	0	79,821
raimpz	0	0	0	0	0	159,25	0	0	0	0	0	0	0	0	0	0	0	0	75,0	0	98,0	0	0	0	0	0	0	0	0	0	0	0	0	0	0	0	0	0	0	0	0	0	0	0	0	0	0	0	0	0	129,714
emmakuppart	0	0	0	0	0	0	85,5	0	0	0	85,0	0	0	0	0	0	0	0	0	0	59,0	0	0	0	0	48,0	0	0	0	0	0	0	0	0	0	0	0	0	0	0	0	0	0	0	0	0	0	0	0	0	70,467
Villu	0	0	0	43,0	0	0	0	0	0	0	0	0	0	0	0	0	0	0	43,0	167,0	52,0	0	0	0	0	0	76,167	0	0	0	0	0	0	0	0	0	0	0	0	0	0	0	0	0	0	0	0	0	0	0	72,167
Gert_Lohmus	64,143	0	0	0	0	348,0	0	0	84,737	65,167	64,5	0	59,7	55,6	95,625	88,667	0	0	25,0	0	147,571	0	0	0	0	0	0	0	60,25	65,818	0	0	0	0	0	0	0	0	0	0	0	0	0	0	0	113,667	0	70,412	76,333	303,0	78,967
marmaa	0	0	0	0	0	221,667	122,4	0	0	0	0	0	0	0	0	0	0	0	0	0	90,0	0	0	0	0	0	137,5	0	50,0	0	0	0	0	0	0	0	0	0	0	0	0	0	0	0	0	0	0	0	0	0	134,0
Sveta	0	0	0	0	0	0	0	0	0	0	0	0	0	0	0	0	0	0	0	0	119,812	0	0	0	0	0	0	0	0	0	0	0	0	0	0	0	0	0	0	0	0	0	0	0	0	0	0	0	0	0	119,812
KPohl	0	0	0	0	0	0	0	0	0	0	0	0	0	0	0	0	0	0	123,0	64,5	44,529	0	0	0	0	87,636	113,0	0	0	0	0	0	0	0	0	0	0	0	0	0	0	0	0	0	0	0	0	0	0	0	65,188
d0nsm	0	0	0	0	0	73,5	92,5	108,5	43,857	0	0	0	0	0	0	0	0	0	0	0	36,0	0	0	0	0	129,4	22,0	0	0	0	0	0	0	0	198,0	0	0	0	0	0	0	0	0	0	0	0	0	0	0	0	73,786
Taavi Paal	0	0	0	0	0	0	0	0	71,167	0	0	0	0	0	0	0	0	0	0	0	140,0	0	0	0	0	0	0	0	0	0	0	0	0	0	0	0	0	0	0	0	0	0	0	0	0	0	0	0	0	0	76,462
Kirill	0	0	0	0	0	30,444	0	0	0	0	0	0	0	0	0	0	0	0	19,0	0	13,0	0	0	0	0	0	0	0	0	0	0	0	0	0	0	0	0	0	0	0	0	0	0	0	0	0	0	0	0	0	26,583
Raul	0	0	0	0	0	0	16,235	0	37,933	0	0	0	0	0	0	0	0	0	27,5	0	0	0	0	10,0	0	0	0	0	0	0	0	31,286	0	0	0	0	0	0	0	0	0	0	0	0	0	0	0	0	0	0	26,881
Mokkachino	0	0	0	0	0	0	0	0	0	0	19,333	0	0	0	0	0	0	0	22,2	19,55	0	0	0	49,0	0	62,0	0	0	0	0	0	0	0	0	0	0	0	0	0	0	0	0	0	0	0	0	0	0	0	0	29,865
voyager94	0	0	0	0	0	0	0	0	0	0	0	0	0	0	0	149,5	0	0	37,0	0	0	0	0	0	0	0	0	0	0	0	0	59,5	0	0	0	0	0	0	0	0	49,0	0	0	68,667	0	0	0	0	0	0	78,889
Home Run	0	79,4	0	0	0	0	0	0	114,0	0	149,0	0	108,5	0	0	86,5	161,0	0	102,778	0	0	0	0	0	0	0	0	0	0	0	0	0	0	0	0	87,167	0	0	0	0	185,0	0	54,75	110,875	0	70,5	0	53,75	73,5	0	93,585
Marek Lahk	0	0	0	33,0	0	0	0	0	0	0	0	0	0	0	0	0	0	0	0	0	0	0	0	0	0	0	0	0	0	0	0	0	0	0	0	0	0	0	0	0	91,667	0	0	0	0	0	0	0	0	0	77,0
Timo Loomets	90,0	0	0	0	0	111,333	0	0	155,5	0	0	0	0	173,625	0	0	0	7,5	37,429	0	0	0	0	0	0	0	0	0	0	0	0	0	0	0	0	0	0	0	0	0	91,571	0	41,5	12,333	113,0	0	73,0	34,0	80,0	86,0	84,192
TSlex	0	0	0	0	0	47,8	0	60,75	30,467	38,0	0	0	0	0	0	39,333	64,5	0	0	0	0	0	0	0	0	0	0	0	0	0	0	0	0	0	0	40,5	0	0	0	0	33,5	0	0	56,0	51,5	0	0	0	0	0	42,253
Jevgenia	0	0	174,25	81,333	0	0	0	124,0	55,95	87,625	135,0	0	94,05	53,25	105,417	92,5	111,0	0	133,714	0	0	178,0	0	0	0	75,0	65,0	0	0	40,867	0	94,0	0	104,0	0	0	0	85,333	0	0	90,8	0	0	82,762	75,353	0	0	0	0	0	90,167
TheCrimee	0	0	0	69,0	0	0	0	0	0	0	0	0	0	0	0	0	0	0	0	0	0	0	0	0	0	0	0	0	0	0	0	0	0	0	0	0	0	0	0	0	6,333	0	0	58,0	0	0	0	0	0	0	39,0
hard1	0	0	0	0	0	0	0	0	0	0	0	0	58,25	128,0	0	0	0	0	0	35,0	0	0	0	0	0	0	0	0	0	0	0	0	0	0	0	0	0	0	0	0	0	0	0	0	0	0	0	0	0	0	74,857
LiisiLota	0	0	0	28,636	39,333	0	16,25	0	37,48	0	181,0	0	0	0	0	0	74,667	0	0	57,333	0	0	0	0	0	0	0	0	0	62,0	0	0	0	0	0	0	0	0	0	0	0	0	0	0	0	0	0	0	0	0	39,305
Neoduck	0	0	0	0	0	0	0	0	0	0	0	0	0	0	0	0	0	0	0	16,5	0	0	0	0	0	0	0	0	0	0	0	0	0	0	0	0	0	0	0	0	0	0	0	0	0	0	0	0	0	0	16,5
Gremow	0	0	0	0	0	0	0	0	0	124,667	0	0	19,231	0	0	0	0	0	174,25	17,0	0	0	0	0	0	0	0	0	0	0	0	72,5	0	0	0	0	0	0	0	0	0	0	0	37,5	0	0	0	0	0	0	62,167
Karl_H	0	0	0	0	0	0	0	0	47,333	0	0	0	0	0	0	0	0	0	0	45,0	0	0	0	0	0	0	0	0	0	0	0	0	0	0	0	0	0	0	0	0	0	0	0	19,5	0	0	0	0	0	0	37,667
Parvetaja	0	0	0	0	0	0	0	0	15,556	44,75	71,0	0	58,4	0	59,0	0	0	0	0	29,8	0	0	0	0	0	0	0	0	0	0	0	0	0	0	0	42,5	0	0	0	0	0	0	39,286	0	0	0	53,167	0	0	0	43,275
fredpaist	0	0	0	0	0	0	0	0	58,0	0	0	0	0	0	0	0	0	0	0	19,0	0	0	0,0	0	0	0	0	0	0	67,0	0	5,0	0	0	0	0	0	0	0	0	0	0	0	0	21,0	0	0	0	0	0	35,75
liliat	0	0	0	87,25	0	101,859	96,667	116,5	0	0	0	0	0	0	0	0	0	0	61,0	71,0	0	0	0	0	0	65,333	101,0	0	0	0	0	0	0	0	0	0	0	0	0	0	0	0	0	0	0	0	0	0	0	0	98,029
Kiwitimot	0	0	0	0	0	0	0	0	0	0	0	0	0	0	0	135,0	0	0	0	12,833	0	0	0	0	0	0	0	0	0	0	0	0	0	0	66,0	0	0	0	0	0	0	0	0	0	136,5	0	0	0	0	0	56,091
svenanton	0	0	0	0	0	0	118,0	0	116,111	136,4	0	64,4	0	0	0	0	0	0	0	122,6	0	0	0	0	0	0	0	0	0	0	0	0	0	0	0	0	0	0	0	0	0	0	0	185,1	0	0	0	0	0	0	128,782
Tark hiina vanamees	0	0	0	0	0	0	102,25	0	42,333	0	0	0	0	0	0	0	0	0	0	0	0	0	0,0	0	0	0	0	0	0	0	0	0	0	0	0	0	0	0	0	0	0	0	0	0	0	0	88,5	77,75	0	0	71,667
CodingBad	0	0	0	0	0	0	0	0	0	0	0	0	18,2	34,667	0	0	0	0	0	0	0	0	0,0	0	0	0	0	0	0	0	0	0	0	0	0	0	0	0	0	0	0	0	0	0	0	0	0	0	0	0	21,667
SASKE	0	0	0	0	0	0	0	38,333	0	0	111,0	0	39,25	47,833	0	53,25	0	0	0	0	0	0	0,0	0	0	0	0	0	0	0	0	0	0	0	0	48,0	0	0	0	0	0	0	0	0	0	0	0	0	0	0	48,04
gautam	0	0	0	0	0	0	0	0	0	0	0	0	0	86,9	0	0	0	0	0	0	0	27,0	0	0	0	0	0	0	0	0	0	85,333	0	0	0	0	0	0	0	0	0	0	0	0	0	0	0	0	0	0	82,286
raunc	0	0	0	0	0	0	0	0	0	0	57,583	0	45,545	0	0	0	0	0	0	0	0	62,0	0	0	0	0	0	0	0	0	0	0	0	0	0	0	0	57,0	0	0	0	0	93,5	0	0	46,75	0	0	0	0	53,925
Nemens1s	0	0	0	0	104,0	64,0	0	12,0	0	0	0	0	0	0	0	0	0	30,25	82,0	0	0	0	0	0	0	0	0	0	0	0	0	0	0	0	0	119,0	0	35,0	0	0	0	0	0	0	0	0	0	0	0	0	59,636
heidi	0	0	0	0	0	0	0	0	0	0	0	0	0	0	0	0	0	0	0	0	0	0	0	0	0	0	0	0	0	0	0	0	0	0	0	0	0	0	0	0	0	0	0	66,0	37,0	128,857	0	0	0	0	88,692
aveka	0	0	0	0	0	79,0	0	0	0	0	0	0	0	0	0	0	0	0	49,8	0	0	0	0	0	0	53,0	0	0	0	0	0	0	0	0	0	0	0	0	0	0	0	0	0	0	0	0	0	0	0	0	59,769
tsarapuu	0	0	0	0	0	0	0	25,0	0	0	0	0	0	0	0	0	0	0	11,875	0	0	0	0	0	0	0	0	0	0	0	0	0	0	0	0	0	0	0	0	0	0	0	0	0	0	0	0	0	0	0	14,5
savyla	0	0	0	0	0	0	0	0	0	0	0	0	0	0	0	0	0	0	32,333	0	0	0	0	0	0	0	0	0	0	0	0	40,0	0	0	0	0	0	0	0	0	0	0	0	0	0	0	0	0	0	0	34,25
Misha	0	0	0	0	0	0	0	0	15,0	0	0	0	0	0	0	0	0	0	13,667	0	0	0	0	0	0	0	0	0	0	0	0	0	0	0	0	0	0	0	0	0	0	0	0	0	0	27,5	0	0	0	0	16,615
Katarina	0	0	0	0	0	36,222	0	0	0	0	0	0	0	51,667	0	0	0	0	26,0	0	0	0	0	0	0	0	0	0	0	0	0	0	0	0	0	0	0	0	0	0	0	0	0	0	0	0	0	0	0	0	39,0
Alexandra	0	0	0	0	0	0	0	0	0	0	0	0	0	0	0	0	0	0	81,0	0	0	0	0	0	0	0	0	0	0	0	0	0	0	0	0	0	0	0	0	0	0	0	0	0	0	0	0	0	0	0	81,0
Sukram	0	0	0	0	95,0	0	0	0	0	47,333	0	0	0	0	0	0	0	0	51,0	0	0	0	0	0	0	0	0	0	0	0	0	0	0	0	0	0	0	0	0	0	0	0	0	0	0	0	0	0	0	0	62,0
AnnaS	0	0	0	95,75	238,5	0	0	61,125	0	195,143	210,0	146,0	0	154,545	66,45	122,786	0	0	30,0	0	0	0	0	0	0	0	0	0	0	0	0	0	0	0	0	0	0	0	0	0	0	0	0	0	0	0	0	0	0	0	103,6
Sirual	0	0	0	0	0	0	0	0	0	83,667	0	93,8	0	101,0	61,25	92,842	34,0	0	51,0	0	0	0	0	0	0	0	0	0	0	0	0	0	0	0	0	0	0	0	0	0	0	0	0	0	0	0	0	0	0	0	80,7
emotüdruk	0	0	0	0	0	0	0	0	81,333	0	0	0	0	24,75	0	0	0	0	48,75	0	0	0	0	0	0	0	0	0	0	55,8	0	0	0	0	0	0	0	0	0	0	0	0	0	0	0	0	0	0	0	0	51,062
Boriss	0	0	0	74,0	0	0	0	0	0	53,357	34,667	0	40,6	69,625	62,0	51,5	0	0	31,5	0	0	0	0	0	0	60,0	0	0	0	55,5	0	0	51,0	42,0	0	0	0	0	0	0	0	0	0	0	0	0	0	0	0	0	52,385
napoleon	0	0	0	0	0	0	0	0	0	0	0	0	0	0	0	0	0	0	28,667	0	0	0	0	0	0	0	0	0	0	0	0	0	0	0	0	0	0	0	0	0	0	0	0	0	0	0	0	0	0	0	28,667
eikall	0	0	0	0	0	0	0	234,0	168,7	88,706	147,429	0	0	0	0	245,0	0	0	81,667	0	0	0	0	0	0	0	0	0	80,0	0	0	84,0	0	0	0	0	0	0	0	0	0	0	95,0	0	0	0	0	0	0	0	111,667
Tuuli	0	0	0	0	0	0	51,5	0	91,333	141,0	0	0	0	0	67,308	0	0	0	168,333	0	0	0	0	0	0	0	0	0	0	0	0	0	0	0	0	0	0	0	0	0	0	0	0	0	0	0	0	0	0	0	89,207
Annie	0	0	0	134,625	55,0	79,0	0	77,333	30,0	41,5	0	0	72,6	126,0	0	0	0	0	41,083	0	0	0	0	0	0	30,738	0	0	0	258,0	0	65,0	0	0	0	0	0	0	0	0	0	0	0	0	0	0	0	0	0	0	51,393
TT	0	0	0	0	0	0	99,5	0	0	0	0	0	0	0	0	0	0	0	82,857	0	0	0	0	0	0	0	0	0	0	0	0	0	0	0	0	0	0	0	0	0	0	0	0	0	0	0	0	0	0	0	84,938
anpopl	0	0	0	0	0	70,0	0	0	0	0	0	0	0	0	0	0	0	0	66,364	0	0	0	0	0	0	0	0	0	0	0	0	0	0	0	0	0	0	0	0	0	0	0	0	0	0	0	0	0	0	0	66,667
Svetlana	0	0	0	0	0	126,25	0	0	0	0	0	0	0	0	0	0	0	0	39,625	0	0	0	0	0	0	0	0	0	0	0	0	0	0	0	0	0	0	0	0	0	0	0	0	0	0	0	0	0	0	0	68,5
Lkesse	0	0	0	0	0	0	0	79,0	0	0	60,0	0	0	2,0	0	92,5	0	0	10,5	0	0	0	0	0	0	0	0	0	0	0	0	0	0	0	0	0	0	0	0	0	0	0	0	0	0	0	0	0	0	0	56,5
Valeri K	0	0	0	0	108,5	0	0	0	0	0	0	0	0	0	0	0	0	0	223,0	0	0	0	0	0	0	0	0	0	0	0	0	0	0	0	0	0	0	0	0	0	0	0	0	0	0	0	0	0	0	0	146,667
Slicey	0	0	0	0	41,75	0	0	0	0	0	0	0	0	0	0	0	45,125	0	35,722	0	0	0	0	0	0	0	0	0	0	0	0	0	0	0	0	0	0	0	0	0	0	0	0	0	0	0	0	0	0	0	39,353
krpeda	0	0	0	0	0	0	0	0	0	0	0	0	0	0	0	0	0	0	64,0	0	0	0	0	0	0	0	0	0	0	0	0	0	0	0	0	0	0	0	0	0	0	0	0	0	0	0	0	0	0	0	64,0
Jelena	0	0	0	26,0	0	53,2	0	0	0	0	0	0	0	0	0	0	0	0	41,0	0	0	0	0	0	0	0	0	0	0	0	0	0	0	0	0	0	62,0	0	0	0	0	0	0	0	0	0	0	0	0	0	48,3
anneliis	0	0	0	0	14,0	0	0	0	0	0	0	0	0	0	0	0	60,333	0	83,0	0	0	0	0	0	0	0	0	0	0	0	0	0	0	0	0	0	0	0	0	0	0	0	0	0	0	0	0	0	0	0	55,6
Denkru56	0	0	0	18,125	0	0	116,0	0	0	0	0	0	0	0	0	0	0	0	48,6	0	0	0	0	0	0	59,0	0	0	0	0	0	0	0	0	31,5	0	0	0	0	0	0	0	0	0	0	0	0	0	0	0	36,824
Igor	0	0	0	0	0	0	106,667	0	64,875	0	16,0	0	0	42,25	0	50,5	41,889	0	32,0	0	0	0	0	0	0	0	0	0	0	76,0	0	0	0	42,0	0	0	0	0	0	0	0	0	0	0	16,667	80,0	0	0	0	0	51,828
kazenokami	0	0	0	96,0	143,4	164,333	0	58,0	0	0	0	0	0	0	0	0	0	0	41,25	0	0	0	0	0	0	51,308	0	0	0	0	0	0	0	0	0	0	0	0	0	0	0	0	0	0	0	0	0	0	0	0	77,912
lepapuu	0	0	0	0	0	0	175,0	0	0	0	0	0	46,0	28,0	73,5	91,667	0	0	43,0	0	0	0	0	0	0	0	0	0	0	0	0	69,667	104,0	50,467	0	0	0	0	0	0	0	0	0	0	0	0	0	0	0	0	67,552
liinavil	0	0	0	0	0	0	0	0	0	0	0	0	0	0	0	0	0	0	190,0	0	0	0	0	0	0	80,0	0	0	0	0	0	0	0	0	0	0	0	0	0	0	0	0	0	0	0	0	0	0	0	0	102,0
Marcel	0	0	0	0	0	0	0	0	0	0	0	0	0	0	0	0	0	0	10,0	0	0	0	0	0	0	0	0	0	0	0	0	0	0	0	0	0	0	0	0	0	0	0	0	0	0	0	0	0	0	0	10,0
Brita	0	0	0	62,833	0	0	0	0	0	0	0	0	0	0	0	0	0	0	0	0	0	0	0	0	0	0	0	0	0	0	0	0	0	0	0	0	0	0	0	0	0	0	0	0	0	0	0	0	0	0	62,833
pesalu	0	0	0	79,333	0	0	0	0	0	0	0	0	0	0	0	0	0	0	0	0	0	0	0	0	0	0	0	0	0	0	0	0	0	0	0	0	0	0	0	0	0	0	0	0	0	0	0	0	0	0	79,333
Shmel	0	0	0	74,0	63,8	0	123,0	0	0	84,8	128,0	0	0	0	0	0	0	0	0	0	0	0	0	0	0	0	0	158,0	0	0	0	0	0	0	0	0	0	0	0	0	0	0	0	0	0	0	0	0	0	0	91,737
feeldtzz	0	0	0	165,5	0	0	0	0	0	0	0	0	0	0	0	0	0	0	0	0	0	0	0	0	0	0	0	0	0	0	0	0	0	0	0	0	0	0	0	0	0	0	0	154,0	0	0	0	0	0	0	161,667
vabriku direktor	0	0	0	76,0	0	0	0	0	0	0	0	0	0	0	0	0	0	0	0	0	0	0	0	0	0	0	0	0	0	0	0	0	0	0	0	0	0	0	0	0	0	0	0	0	0	0	0	0	0	0	76,0
Krandr	0	0	0	35,0	0	0	0	0	0	0	0	0	0	0	0	0	0	0	0	0	0	0	0	0	0	0	0	0	0	0	0	0	0	0	0	0	0	0	0	0	0	0	0	0	0	0	0	0	0	0	35,0
TheGreatLarkin	0	0	0	17,8	0	0	0	0	0	0	0	0	0	0	0	0	0	0	0	0	0	0	0	0	0	0	0	0	0	0	0	0	0	0	0	0	0	0	0	0	0	0	0	0	0	0	0	0	0	0	17,8
Aleksa	0	0	0	53,0	0	50,909	0	0	0	0	0	0	0	0	0	0	0	0	0	0	0	0	0	0	0	0	0	0	0	0	0	0	0	0	0	0	0	0	0	0	0	0	0	0	0	0	0	0	0	0	51,083
Ragnar	44,294	59,643	0	58,0	0	0	0	0	0	0	0	0	0	0	0	0	0	0	0	0	0	0	0	0	0	0	0	0	0	0	0	0	0	0	0	0	0	0	0	0	0	0	0	0	0	0	0	0	0	0	51,438
Frank	0	0	0	0	16,0	294,0	0	0	0	0	0	0	0	0	0	0	0	0	0	0	0	0	0	0	0	0	79,706	0	0	0	0	0	0	0	0	0	0	0	0	0	0	0	0	0	0	0	0	0	0	0	97,95
sparrowxz	0	0	0	0	34,0	0	49,0	0	0	0	0	0	0	0	38,1	0	0	0	0	0	0	0	0	0	0	0	0	0	0	0	0	0	0	0	0	0	0	0	0	0	0	0	0	0	0	0	0	0	0	0	38,667
Serum41	0	0	0	0	97,0	0	0	0	0	0	0	0	0	0	0	0	0	0	0	0	0	0	0	0	0	0	0	0	0	0	0	0	0	0	0	0	0	0	0	0	0	0	0	0	0	0	0	0	0	0	97,0
eikall	0	0	0	0	0	121,0	0	0	0	0	0	0	0	0	0	0	0	0	0	0	0	0	0	0	0	0	0	0	0	0	0	0	0	0	0	0	0	0	0	0	0	0	0	0	0	0	0	0	0	0	121,0
Kirchu	0	0	0	0	0	50,5	0	0	46,0	0	0	0	0	0	0	61,0	0	0	0	0	0	0	0	0	0	0	23,0	0	0	0	0	0	0	0	16,0	0	0	0	0	0	0	0	0	0	0	0	0	0	0	0	35,615
Doge	0	0	0	0	0	82,0	0	0	0	0	0	0	0	0	0	0	0	0	0	0	0	0	0	0	0	0	0	0	0	52,0	0	0	0	0	0	0	0	0	0	0	0	0	0	0	66,0	0	0	0	0	0	58,286
Edgar	0	0	0	0	0	13,667	0	0	0	0	0	0	0	0	0	0	0	0	0	0	0	0	0	0	0	0	0	0	0	0	0	0	0	0	0	0	0	0	0	0	0	0	0	0	0	0	0	0	0	0	13,667
jevg	0	0	0	0	0	0	49,333	44,111	0	0	0	0	0	0	0	0	0	0	0	0	0	0	0	0	0	0	0	0	0	45,167	0	0	0	0	0	0	0	0	0	0	0	0	0	0	0	0	0	0	0	0	47,333
Jan	0	0	0	0	0	0	17,167	0	0	0	0	0	0	0	0	0	0	0	0	0	0	0	0	0	0	55,0	0	0	0	0	0	0	0	0	0	0	0	0	0	0	0	0	0	0	0	0	0	0	0	0	29,778
Paps	0	0	0	0	0	0	48,75	0	0	0	0	0	0	0	0	22,6	0	0	0	0	0	0	0	0	0	0	0	0	0	0	0	0	0	0	0	0	0	0	0	0	0	0	0	0	0	0	0	0	0	0	34,222
Mkitvel	0	0	0	0	0	0	26,0	0	0	0	0	0	0	0	0	0	0	0	0	0	0	0	0	0	0	0	0	0	0	0	0	0	0	0	0	0	0	0	0	0	0	0	0	0	0	0	0	0	0	0	26,0
SDEFSS	0	0	0	0	0	0	39,0	0	0	0	40,0	23,0	0	0	0	0	0	0	0	0	0	0	0	0	0	0	0	0	0	0	0	0	0	0	0	0	0	0	0	0	0	0	0	0	0	0	0	0	0	0	35,5
Kimmo	0	0	0	0	0	0	125,909	0	44,25	0	0	105,4	132,0	0	0	0	0	0	0	0	0	0	0	0	0	0	0	0	0	171,0	0	0	0	0	0	0	0	0	0	0	0	0	0	0	0	0	0	0	0	0	103,233
jyrx123	0	0	0	0	0	0	0	233,0	0	0	0	0	0	0	0	0	0	0	0	0	0	0	0	0	0	42,818	0	0	0	0	0	0	0	0	0	0	0	0	0	0	0	0	0	0	0	0	0	0	0	0	58,667
fatezer0	0	0	0	0	0	0	0	30,2	0	0	0	0	0	155,0	0	0	0	0	0	0	0	0	0	0	0	0	0	0	0	0	0	0	0	0	0	0	0	0	0	0	0	0	0	0	0	0	0	0	0	0	51,0
Nerisa290	0	0	0	0	0	0	0	0	41,875	0	0	0	0	0	0	0	0	0	0	0	0	0	0	0	0	0	0	0	0	0	0	0	0	0	0	0	0	0	0	0	0	0	0	0	0	0	0	0	0	0	41,875
olla(OliverLaidma)	0	0	0	0	0	0	0	0	53,886	61,045	54,043	69,214	47,846	83,105	81,375	104,524	0	0	0	0	0	0	0	0	0	0	0	0	0	0	0	0	0	0	48,8	0	0	0	0	0	0	0	0	0	0	0	0	0	0	0	64,896
ets12	0	0	0	0	0	0	0	0	20,3	0	39,5	44,0	0	0	0	0	0	0	0	0	0	0	0	0	0	0	0	0	0	0	0	0	0	0	0	0	0	0	0	0	0	0	0	0	0	0	0	0	0	0	34,912
KK	0	0	0	0	0	0	0	0	167,0	0	0	135,2	0	0	0	0	0	0	0	0	0	0	0	0	0	0	0	0	0	0	0	0	0	0	0	0	0	0	0	0	0	0	0	0	0	0	0	0	0	0	153,75
pitkunait	0	0	0	0	0	0	0	0	14,4	0	0	0	0	0	0	0	0	0	0	0	0	0	0	0	0	0	0	0	0	0	0	0	0	0	0	0	0	0	0	0	0	0	0	0	0	0	0	0	0	0	14,4
Tiina	0	0	0	0	0	0	0	0	94,467	0	0	0	0	0	0	0	0	0	0	0	0	0	0	0	0	0	0	0	0	87,333	0	0	0	0	0	0	0	0	0	0	0	0	0	0	0	0	0	0	0	0	93,278
fragil	0	0	0	0	0	0	0	0	170,667	0	0	0	0	0	0	0	0	0	0	0	0	0	0	0	0	0	0	0	0	0	0	0	0	0	0	0	0	0	0	0	0	0	0	0	0	0	0	0	0	0	170,667
Regina	0	0	0	0	0	0	0	0	111,667	0	0	62,0	0	0	0	0	0	0	0	0	0	0	0	0	0	0	0	0	0	0	0	0	0	0	0	0	0	0	0	0	0	0	0	0	0	0	0	0	0	0	99,25
некитос))))	0	0	0	0	0	0	0	0	25,75	83,0	0	0	54,0	0	0	0	0	0	0	0	0	0	0	0	0	0	0	0	0	0	0	0	0	0	0	0	0	0	0	0	0	0	0	0	0	0	0	0	0	0	42,0
al.tsypov	0	0	0	0	0	0	0	0	117,0	0	105,0	0	0	0	0	0	0	0	0	0	0	0	0	0	0	0	0	0	0	0	0	0	0	0	0	0	0	0	0	0	0	0	0	0	60,0	0	0	0	0	0	95,25
Uffs	0	0	0	0	0	0	0	0	0	0	64,5	0	49,5	0	0	0	0	0	0	0	0	0	0	0	0	0	0	0	0	0	0	40,0	0	0	0	0	0	0	0	0	0	0	0	0	0	0	0	0	0	0	51,333
jevgen	0	0	0	0	0	0	0	0	0	0	0	56,667	0	63,067	0	46,0	317,0	0	0	0	0	0	0	0	0	0	0	0	0	0	0	0	0	81,0	61,0	36,5	0	0	0	0	0	0	0	0	0	0	0	0	0	0	65,552
PapaSayHai	0	0	0	0	0	0	0	0	0	0	0	27,0	0	0	0	97,444	0	0	0	0	0	0	0	0	0	0	0	0	0	0	0	0	0	0	0	0	0	0	0	0	0	0	0	0	0	0	0	0	0	0	72,286
Pearu Pung	0	0	0	0	0	0	0	0	0	0	0	36,889	46,625	0	0	0	0	0	0	0	0	0	0	0	0	0	0	0	0	0	0	0	0	0	0	0	0	0	0	0	0	0	0	0	0	0	0	0	0	0	41,471
tn	0	0	0	0	0	0	0	0	0	0	0	0	137,0	229,0	106,286	120,143	0	0	0	0	0	0	0	0	0	0	0	0	0	0	0	0	0	0	169,0	0	134,5	0	0	0	0	0	0	0	0	0	0	0	0	0	129,088
N_O	0	0	0	0	0	0	0	0	0	0	0	0	54,5	0	0	0	43,0	0	0	0	0	0	0	0	0	0	0	0	0	0	0	0	0	0	0	0	0	0	0	0	0	0	0	0	0	0	0	0	0	0	48,75
MarkG	0	0	0	0	0	0	0	0	0	0	0	0	57,75	43,5	0	80,333	0	0	0	0	0	0	0	0	0	0	0	0	0	0	0	0	0	0	0	0	0	0	0	0	0	0	0	0	0	0	0	0	0	0	62,111
Polina	0	0	0	0	0	0	0	0	0	0	0	0	0	100,909	57,0	0	0	0	0	0	0	0	0	0	0	0	0	0	0	0	0	0	0	0	0	0	0	0	0	0	0	0	0	0	0	0	0	0	0	0	89,2
kristel	0	0	0	0	0	0	0	0	0	0	0	0	0	49,75	0	29,0	0	0	0	0	0	0	0	0	0	0	0	0	0	0	0	0	0	0	0	0	0	0	0	0	0	0	0	0	0	0	0	0	0	0	45,6
Lindamai	0	0	0	0	0	0	0	0	0	0	0	0	0	0	0	0	18,5	0	0	0	0	0	0	0	0	69,0	0	0	0	0	0	0	0	0	0	0	0	0	0	0	0	0	0	0	0	0	0	0	0	0	35,333
F-22	0	0	0	0	0	0	0	0	0	0	0	0	0	0	0	0	106,0	0	0	0	0	0	0	0	0	0	0	0	0	0	0	0	0	0	0	0	0	0	0	0	0	0	0	0	0	0	0	0	0	0	106,0
Marina	0	0	0	0	0	0	0	0	0	0	0	0	0	0	0	0	0	0	0	0	0	0	0	0	0	0	0	0	0	47,059	0	0	0	0	0	0	0	0	0	0	0	0	0	0	0	0	0	0	0	0	47,059
Kaspar	43,0	0	0	0	0	0	0	0	0	0	0	0	0	0	0	0	0	0	0	0	0	0	0	0	0	0	0	0	0	0	0	39,75	8,0	0	0	0	0	0	0	0	0	0	0	0	0	0	0	0	0	0	36,083
Pisikoll	0	0	0	0	0	0	0	0	0	0	0	0	0	0	0	0	0	0	0	0	0	0	0	0	0	0	0	0	0	0	0	0	0	0	0	0	0	0	0	0	0	0	0	0	43,0	46,111	0	66,7	0	0	55,619
kilpkonn	31,0	0	0	0	0	0	0	0	0	0	0	0	0	0	0	0	0	0	0	0	0	0	0	0	0	0	0	0	0	0	0	0	0	0	0	0	0	0	0	0	0	0	0	0	0	0	0	0	50,5	0	40,75
Stas	0	0	0	0	0	0	0	0	0	0	0	0	0	0	0	0	182,0	0	0	0	0	0	0	0	0	0	0	0	0	0	0	0	0	0	0	0	0	0	62,75	0	0	0	0	0	0	0	0	0	0	0	86,6