Nimi	DJ	EX	Kokku	PR	Syva	Üldine	XP	dj01	dj02	ettepanekud	ex01	ex02	ex03	ex04	ex05	ex06	ex07	ex08	ex09	ex11	ex12	ex13	ex14	ex15	food	general	git	kaugōpe	konsult	meme	mitteniiolulisedagasiiskiolulised-teadaanded	olulised-teadaanded	pr01	pr02	pr03	pr04	pr06	pr07	pr08	pr09	pr11	pr12	pr13	pr14	pr15	random	stat	syvapy-general	videod	wat	xp01	xp02	xp03	xp04	xp05	xp06	xp07	Kokku
Rauno	0	6524	21736	1635	1444	12133	1444	0	0	510	0	0	574	0	1100	393	995	0	108	730	993	976	90	565	3264	670	0	400	91	0	0	0	0	0	0	0	109	138	902	0	0	171	0	0	0	5987	576	635	0	315	246	385	734	79	0	0	0	66652
Kadri	162	62493	256154	17876	527	175258	365	148	14	16	2065	1769	3374	2976	2476	3656	848	3291	4309	11382	3180	9256	8741	5170	17922	4710	753	353	1711	1071	230	0	0	181	0	0	1146	200	1330	320	1190	680	1570	831	1950	142893	5599	0	0	8478	0	161	0	127	33	4	40	768989
Ago	2365	121678	431347	42848	30370	236451	28005	2268	97	2470	6494	3936	17806	5777	5096	19242	3921	8890	11301	8273	9482	6155	12661	2644	11864	53057	1492	19364	6226	6398	831	4083	2667	1360	199	616	5537	1338	8577	1838	1166	5718	1657	2329	1219	94339	27332	7468	1527	8627	11116	4324	2893	3192	3897	1400	1183	1324411
test9	329	19574	102050	8551	11167	62758	10838	329	0	222	180	41	1546	2843	436	1026	392	517	2666	1518	1757	2404	2097	2151	5220	5741	2053	1419	141	1268	0	0	560	359	38	203	294	314	908	124	432	607	899	612	1204	41475	3629	1590	0	1997	1898	597	6356	463	199	1128	197	317317
MajorMoopsy	0	13575	52169	7421	2288	28885	2288	0	0	0	2132	317	5535	2594	1224	1509	83	0	0	0	181	0	0	0	0	6384	137	661	2	3414	55	0	3187	2542	173	30	1284	94	0	0	0	0	0	0	0	14280	2326	1626	0	111	716	679	893	0	0	0	0	158795
Vallavanem	145	4633	13134	922	1492	6087	1347	145	0	0	0	0	910	0	0	651	143	0	182	862	583	210	672	420	10	916	0	0	0	588	0	0	0	0	0	0	381	0	541	0	0	0	0	0	0	4431	142	0	0	0	98	579	670	0	0	0	0	40894
Mikk	0	31526	71584	5027	2131	32900	2131	0	0	0	1755	933	0	480	459	2995	189	1386	5237	2004	1392	7580	5362	1754	3292	2254	132	0	347	825	0	0	0	151	0	0	0	139	1163	247	70	0	406	989	1703	24506	1416	128	0	159	579	168	783	601	0	0	0	216883
Sebastian	593	16998	120348	8492	3934	90924	3341	593	0	376	510	1336	915	26	2185	2113	992	2047	1591	1184	294	2264	830	711	5348	14570	288	9806	44	1035	0	0	0	912	0	497	1708	272	4247	98	91	35	113	350	107	52187	6155	1115	0	62	3304	35	0	2	0	0	0	364978
Kristjan	2580	25872	75524	6577	14036	29039	11456	2580	0	76	517	546	2634	2602	314	1511	1934	629	1482	329	2984	3861	4827	1702	4594	1561	176	85	76	575	49	0	0	0	0	0	560	181	1408	95	221	778	1156	567	186	19701	1123	1023	0	1425	5085	3865	2402	70	5	3	26	240608
Piret	1464	18803	47970	4104	2385	22678	921	1464	0	287	0	0	210	0	0	2070	45	5209	0	0	1285	4038	4765	1181	6124	3431	0	75	0	0	0	0	0	0	0	0	2075	0	1306	0	0	0	0	204	519	11685	1073	3	0	0	0	921	0	0	0	0	0	146295
Helin	0	2588	61664	1882	1211	55983	1211	0	0	0	301	0	538	163	0	144	0	0	665	122	375	0	280	0	3228	8114	0	4909	0	4877	161	0	52	0	0	0	915	0	443	0	0	0	0	472	0	32685	400	1609	0	0	1211	0	0	0	0	0	0	186203
236460404446855168	437	9989	25323	6669	6293	2372	5856	0	437	0	206	0	0	623	462	317	0	3095	668	521	1786	255	1452	604	16	40	0	0	0	0	337	0	0	0	0	0	194	0	140	95	0	628	110	711	52	1264	345	370	0	4739	58	434	1394	332	1904	745	989	82262
Elvar	73	22682	106159	11089	519	71869	446	0	73	1141	479	0	354	0	0	0	616	2093	70	1493	3932	4920	5231	3494	9943	5415	0	84	433	993	0	0	398	0	0	0	706	0	617	1610	71	326	879	224	1264	51949	1598	313	0	4994	102	72	163	0	0	48	61	318996
moth	0	7662	25354	1010	2694	13988	2694	0	0	0	1012	333	2403	226	144	0	0	109	0	542	532	2294	0	67	117	3392	0	0	0	81	0	0	190	30	0	0	0	0	0	0	116	0	0	49	572	9181	458	759	0	53	65	1774	6	0	413	3	433	78756
TankerElite	0	16733	25275	861	184	7497	184	0	0	210	144	0	0	933	176	2738	794	967	4607	51	1671	3467	1185	0	713	806	64	0	0	981	71	0	74	0	0	0	0	0	291	57	270	168	0	0	0	3991	627	34	0	1	0	0	0	32	148	4	0	76009
marko169	0	6360	12443	1926	3	4154	3	0	0	0	793	0	1730	279	0	87	0	598	0	806	737	368	687	275	565	1443	0	22	217	11	0	0	227	31	0	0	0	0	356	0	110	392	602	12	196	1822	0	74	0	0	0	0	0	0	0	3	0	37332
TROLLOLOLOLOLOLO	15	40437	66591	11456	2699	11999	2684	15	0	272	1055	610	2922	1091	636	1377	712	885	688	2059	2312	11762	11766	2562	78	4068	205	86	39	47	137	0	669	77	36	0	1089	42	516	0	315	1771	4644	1424	585	6389	504	174	0	288	2123	0	0	206	57	298	0	202472
Anubis	179	50504	171135	18987	1119	100525	940	157	22	1529	987	2409	4218	1627	4327	1887	5238	6023	4408	3923	4749	9804	904	0	5982	17321	1058	0	1955	5441	474	0	763	989	63	0	537	19	5114	1363	3033	4734	532	1236	77	61516	4378	871	0	527	0	8	328	349	56	199	0	514524
outworld	0	3201	4640	491	123	825	123	0	0	0	124	0	0	846	0	728	0	340	202	29	1	393	359	179	0	117	0	0	0	7	0	0	0	0	0	0	0	58	36	0	0	0	141	0	0	701	0	0	0	256	120	0	0	0	0	3	0	14043
mj	0	4682	10164	124	0	5358	0	0	0	68	269	140	1896	187	2119	0	0	0	0	0	71	0	0	0	1251	327	0	33	86	185	0	0	0	0	0	0	0	0	0	0	124	0	0	0	0	3330	0	78	0	0	0	0	0	0	0	0	0	30492
yipers	0	1386	10287	2344	23	6534	23	0	0	0	884	160	179	0	0	0	8	0	0	0	155	0	0	0	168	874	138	1061	42	185	61	0	665	1256	0	353	0	0	0	0	70	0	0	0	0	3711	239	55	0	0	23	0	0	0	0	0	0	30884
Glad	323	6643	18303	1919	323	9418	0	323	0	117	0	0	0	0	0	0	319	375	810	330	1060	1690	1524	535	529	694	108	0	0	93	24	0	0	0	0	0	0	0	121	0	14	110	1309	146	207	7525	328	0	0	12	0	0	0	0	0	0	0	55232
Atren	0	5558	18571	3979	3776	5258	3776	0	0	0	1431	996	2111	295	188	202	246	89	0	0	0	0	0	0	3	1799	227	833	0	0	0	0	1539	1868	0	80	22	241	0	210	0	0	0	0	0	1091	397	908	0	19	2031	1219	526	0	0	0	0	59489
markal	0	3348	20237	3303	0	13586	0	0	0	0	49	0	50	0	0	0	0	147	684	0	1096	0	1254	68	1035	5044	0	1517	274	0	127	0	0	0	0	0	176	0	0	0	0	0	0	0	0	4713	876	0	0	3127	0	0	0	0	0	0	0	60711
Kaido.K	1095	67207	155475	23746	17637	46885	16542	1095	0	1576	832	0	2460	12418	4733	3713	1292	6800	1372	13260	8430	6463	2832	2602	0	11826	1136	7633	117	747	47	0	207	92	130	1964	1947	669	7822	258	2871	1556	1250	627	945	17903	5647	253	0	3408	4012	8096	2025	705	1428	40	236	484062
uudu	0	163	2863	13	0	2687	0	0	0	0	8	0	0	0	0	103	0	8	0	17	27	0	0	0	292	6	0	0	0	70	40	0	0	0	0	0	0	0	0	13	0	0	0	0	0	2178	62	39	0	0	0	0	0	0	0	0	0	8589
シkwaper	0	1410	1610	106	0	94	0	0	0	0	0	0	0	0	0	0	0	0	0	206	0	279	433	492	0	69	3	0	0	0	0	0	0	106	0	0	0	0	0	0	0	0	0	0	0	22	0	0	0	0	0	0	0	0	0	0	0	4830
Patapon	0	7933	13448	2361	420	2734	420	0	0	0	0	0	0	0	0	1716	286	1170	418	138	824	695	1102	1584	0	1035	0	139	0	0	0	0	0	0	0	0	0	73	994	0	171	622	317	0	99	1560	0	0	0	85	0	420	0	0	0	0	0	40764
Taurixz	492	10226	17832	2726	4189	691	3697	492	0	0	0	0	1422	261	228	2661	309	2536	227	559	264	374	1103	282	158	0	0	0	0	100	0	0	0	0	0	0	841	0	1054	0	0	113	718	0	0	433	0	0	0	0	1792	1905	0	0	0	0	0	57685
André	0	8802	12438	1983	0	1653	0	0	0	0	0	0	938	0	562	1311	343	379	1080	2908	296	398	587	0	0	541	86	0	0	0	0	0	0	312	0	0	152	0	340	0	0	238	941	0	0	939	87	0	0	0	0	0	0	0	0	0	0	37314
Tristan	514	6322	7573	175	669	407	155	27	487	0	50	0	450	275	255	1109	453	0	811	1414	0	0	1127	378	0	57	0	0	0	0	321	0	0	0	0	0	35	65	0	0	0	0	0	0	0	29	0	0	0	75	0	155	0	0	0	0	0	23388
firehax	0	14535	27166	1903	3722	7006	3722	0	0	0	0	0	3134	931	50	3099	349	1973	205	2793	1420	107	357	117	56	1231	33	50	0	36	0	0	0	0	0	0	468	15	0	0	84	785	329	122	0	3471	1303	826	0	100	45	2625	1052	0	0	0	0	85220
Ea	0	1408	2202	0	0	794	0	0	0	0	0	0	0	227	0	529	354	248	0	0	0	0	50	0	0	164	0	0	0	0	0	0	0	0	0	0	0	0	0	0	0	0	0	0	0	630	0	0	0	0	0	0	0	0	0	0	0	6606
kaspar	0	1172	2734	37	108	1417	108	0	0	0	43	26	475	23	115	204	0	222	0	40	0	24	0	0	65	287	0	196	0	68	0	0	7	0	0	0	0	0	0	0	0	0	0	0	0	667	75	59	0	30	108	0	0	0	0	0	0	8310
Taavi	148	771	1531	170	269	321	121	148	0	0	189	0	0	0	0	240	0	0	51	147	0	141	0	3	0	189	0	0	0	0	0	0	0	0	0	0	0	0	170	0	0	0	0	0	0	132	0	0	0	0	0	121	0	0	0	0	0	4862
Pls no tilt	0	0	1285	83	0	1202	0	0	0	0	0	0	0	0	0	0	0	0	0	0	0	0	0	0	594	5	0	0	0	0	0	0	0	0	0	0	0	15	0	0	0	68	0	0	0	586	17	0	0	0	0	0	0	0	0	0	0	3855
kenlaumets	0	2657	4445	653	0	1135	0	0	0	0	315	324	79	77	0	0	35	0	253	1382	112	63	0	17	0	341	255	0	4	0	0	0	0	0	0	0	0	0	0	0	355	298	0	0	0	497	22	16	0	0	0	0	0	0	0	0	0	13335
andrestimate	0	56	513	117	0	340	0	0	0	0	0	0	0	0	0	0	0	0	0	0	56	0	0	0	0	231	0	0	0	0	0	0	0	0	0	0	0	0	117	0	0	0	0	0	0	109	0	0	0	0	0	0	0	0	0	0	0	1539
Kert	227	14676	37690	4149	5164	13701	4937	227	0	0	752	0	0	125	2700	7645	466	435	238	1737	295	213	70	0	49	5982	547	2600	0	707	0	0	0	0	0	0	2144	436	116	0	0	0	0	220	0	2601	1215	0	0	1233	0	1142	3712	83	0	0	0	118234
hhar0ld	0	558	5541	559	0	4424	0	0	0	0	412	136	0	0	0	0	0	0	0	0	0	10	0	0	30	1448	387	0	0	0	0	0	218	0	0	0	0	130	0	0	0	0	0	6	0	2215	140	204	0	205	0	0	0	0	0	0	0	16623
tankitõrje	0	0	205	0	0	205	0	0	0	0	0	0	0	0	0	0	0	0	0	0	0	0	0	0	10	0	0	0	0	0	0	0	0	0	0	0	0	0	0	0	0	0	0	0	0	195	0	0	0	0	0	0	0	0	0	0	0	615
f11	0	2894	10067	215	3033	3925	3033	0	0	0	802	611	343	1043	20	75	0	0	0	0	0	0	0	0	0	60	204	1419	0	0	0	0	0	0	0	215	0	0	0	0	0	0	0	0	0	2020	0	222	0	0	3033	0	0	0	0	0	0	33234
sutgon	486	6884	26112	1098	9935	8195	9449	486	0	0	479	374	2948	497	19	333	142	151	1302	0	88	87	406	58	67	3445	0	0	0	0	0	0	225	0	0	0	0	0	0	0	21	0	0	0	0	2689	1700	294	0	852	6911	937	372	533	240	269	187	88271
Emily Joy Krohn	0	1420	8705	1293	230	5762	230	0	0	0	0	235	309	69	118	331	53	0	0	262	0	0	0	43	377	1460	0	0	0	15	259	0	254	310	0	0	0	0	244	0	0	485	0	0	0	3115	430	106	0	0	230	0	0	0	0	0	0	26345
Liis	0	2408	3895	423	592	472	592	0	0	0	0	0	0	0	0	580	22	66	0	428	0	416	262	634	0	308	0	0	0	0	0	0	216	0	0	0	0	0	0	0	0	0	0	207	0	164	0	0	0	0	0	0	527	0	65	0	0	12277
Tärk	1778	7745	21275	2581	2073	8876	295	1287	491	0	634	1148	119	0	411	40	926	50	1035	25	81	3276	0	0	0	1811	935	653	0	73	140	0	109	614	0	136	491	126	314	109	383	0	0	0	0	4593	366	305	0	299	95	82	99	0	0	19	0	65898
Tanel	0	7587	14893	1467	0	5839	0	0	0	0	1110	0	2676	0	1701	0	118	0	357	957	668	0	0	0	0	3001	0	0	27	45	147	0	0	173	0	0	302	0	0	0	0	992	0	0	0	1725	894	0	0	0	0	0	0	0	0	0	0	44679
Janar	0	4649	10064	1140	0	4275	0	0	0	0	1914	136	0	0	0	0	0	0	0	0	330	0	2269	0	493	1568	177	45	0	0	0	0	684	0	0	0	0	0	0	0	0	456	0	0	0	1122	870	0	0	0	0	0	0	0	0	0	0	30192
SkullTiger	0	1402	1537	46	0	89	0	0	0	0	0	0	0	0	0	380	161	357	0	504	0	0	0	0	0	0	61	0	0	0	0	0	0	0	0	0	0	46	0	0	0	0	0	0	0	28	0	0	0	0	0	0	0	0	0	0	0	4611
sqvat	0	443	780	82	0	255	0	0	0	0	0	0	0	0	0	0	0	0	122	0	0	0	321	0	0	0	0	0	0	0	0	0	0	0	0	0	0	0	82	0	0	0	0	0	0	255	0	0	0	0	0	0	0	0	0	0	0	2340
rs	0	1322	4524	2124	0	1078	0	0	0	0	0	0	394	0	0	351	0	0	0	165	0	412	0	0	0	676	0	0	0	0	0	0	0	0	0	0	225	0	0	0	0	0	0	0	0	239	163	0	0	1899	0	0	0	0	0	0	0	13572
frang	0	21	7387	1	0	7365	0	0	0	0	0	0	0	0	0	0	21	0	0	0	0	0	0	0	671	56	14	0	0	456	21	0	0	0	0	0	0	0	0	0	0	0	0	0	0	5969	178	0	0	1	0	0	0	0	0	0	0	22161
Piidur	0	0	1654	0	0	1654	0	0	0	0	0	0	0	0	0	0	0	0	0	0	0	0	0	0	174	43	1	0	10	206	0	0	0	0	0	0	0	0	0	0	0	0	0	0	0	1119	101	0	0	0	0	0	0	0	0	0	0	4962
Venres	0	0	127	0	0	127	0	0	0	0	0	0	0	0	0	0	0	0	0	0	0	0	0	0	0	0	0	0	0	0	0	0	0	0	0	0	0	0	0	0	0	0	0	0	0	127	0	0	0	0	0	0	0	0	0	0	0	381
StoneMalone	0	0	149	0	0	149	0	0	0	0	0	0	0	0	0	0	0	0	0	0	0	0	0	0	0	0	0	0	0	35	0	0	0	0	0	0	0	0	0	0	0	0	0	0	0	95	19	0	0	0	0	0	0	0	0	0	0	447
Karl-Joosep	0	1929	2822	782	100	11	100	0	0	0	0	0	0	260	0	285	0	0	0	102	469	312	346	155	0	0	0	0	0	0	0	0	0	0	0	0	0	0	0	0	137	0	645	0	0	11	0	0	0	0	100	0	0	0	0	0	0	8566
SapnikZ	119	5459	8677	1471	119	1628	0	119	0	0	0	13	821	736	75	0	0	452	402	1018	763	290	889	0	0	1072	34	0	0	60	0	0	182	131	0	0	0	0	0	228	398	377	0	0	155	254	208	0	0	0	0	0	0	0	0	0	0	26150
Anurist	0	4051	7882	1604	0	2227	0	0	0	0	0	145	0	116	0	163	0	629	37	1542	746	0	673	0	194	698	377	0	292	0	0	0	0	0	0	0	1001	0	0	0	0	14	215	0	158	619	47	0	0	216	0	0	0	0	0	0	0	23646
Aleksander Smirnov	0	1341	1438	0	0	97	0	0	0	0	239	0	816	286	0	0	0	0	0	0	0	0	0	0	0	0	0	66	0	0	0	0	0	0	0	0	0	0	0	0	0	0	0	0	0	31	0	0	0	0	0	0	0	0	0	0	0	4314
lliizu	0	806	1160	79	0	275	0	0	0	0	0	0	281	107	0	147	0	0	36	107	0	128	0	0	0	142	0	0	0	0	0	0	38	0	0	0	0	0	0	0	0	41	0	0	0	66	67	0	0	0	0	0	0	0	0	0	0	3480
HipSterius	0	6379	7798	453	186	780	186	0	0	0	205	0	1086	1446	382	1783	11	96	0	92	47	72	1159	0	0	55	137	0	0	52	0	0	214	88	0	0	0	151	0	0	0	0	0	0	0	302	234	0	0	0	186	0	0	0	0	0	0	23580
durgress	0	940	1418	34	0	444	0	0	0	0	0	91	330	477	0	0	0	0	0	0	42	0	0	0	0	196	0	74	0	34	61	0	0	0	0	0	0	0	0	0	0	34	0	0	0	49	30	0	0	0	0	0	0	0	0	0	0	4254
Rait K3	0	376	2559	632	0	1551	0	0	0	0	0	0	0	0	0	0	0	0	376	0	0	0	0	0	52	6	0	0	0	121	67	0	0	0	0	0	0	0	0	0	0	0	0	0	0	1305	0	0	0	632	0	0	0	0	0	0	0	7677
KristjanP	0	2284	5107	2754	0	69	0	0	0	0	221	0	556	579	325	147	0	0	129	0	327	0	0	0	0	0	0	0	0	0	0	0	2754	0	0	0	0	0	0	0	0	0	0	0	0	69	0	0	0	0	0	0	0	0	0	0	0	15321
Aivar Hinrikus	0	8198	13428	2908	0	2322	0	0	0	0	1356	2317	0	0	0	0	540	3103	535	347	0	0	0	0	0	1504	0	0	0	0	0	0	0	1483	0	0	0	1269	0	0	0	0	156	0	0	818	0	0	0	0	0	0	0	0	0	0	0	40284
Lightning	0	9618	14364	2878	0	1868	0	0	0	0	136	597	0	229	1297	3841	802	1374	912	0	290	0	140	0	0	0	0	896	0	0	0	0	0	524	0	0	0	0	264	193	0	157	0	0	0	972	0	0	0	1740	0	0	0	0	0	0	0	43092
timmu	0	4820	6800	906	956	118	956	0	0	0	0	52	693	0	0	661	0	363	1703	1044	304	0	0	0	0	0	0	0	0	0	0	0	0	39	0	0	0	0	0	0	782	85	0	0	0	118	0	0	0	0	0	176	267	513	0	0	0	21356
Skye	0	108	12328	510	5328	6382	5328	0	0	0	0	0	0	0	0	27	0	37	44	0	0	0	0	0	0	4314	0	0	0	102	0	0	0	0	0	0	0	94	416	0	0	0	0	0	0	1155	811	0	0	0	168	786	1056	3318	0	0	0	42312
andres	0	531	3392	11	0	2850	0	0	0	0	267	119	0	126	0	0	19	0	0	0	0	0	0	0	22	74	0	2412	0	0	0	0	11	0	0	0	0	0	0	0	0	0	0	0	0	342	0	0	0	0	0	0	0	0	0	0	0	10176
ER	0	16529	50399	10489	1484	21897	1484	0	0	0	0	0	909	0	884	4379	443	1213	101	2167	1938	48	4257	190	0	4030	0	13174	228	933	318	0	33	1046	0	0	125	389	5184	325	68	2474	116	273	0	3214	0	0	0	456	0	1357	127	0	0	0	0	152681
MZ	648	6069	7715	159	648	839	0	648	0	0	0	0	743	60	0	0	0	0	0	0	960	0	4306	0	0	646	0	0	0	89	0	0	0	0	0	0	0	0	0	0	0	0	159	0	0	104	0	0	0	0	0	0	0	0	0	0	0	23793
lolxd	0	65	1214	339	0	810	0	0	0	0	0	0	0	0	0	0	0	0	0	64	0	1	0	0	0	77	63	0	318	0	0	0	0	0	0	0	0	0	195	0	0	0	0	0	0	352	0	0	0	144	0	0	0	0	0	0	0	3642
Risto	0	591	1052	135	0	326	0	0	0	0	213	0	0	0	0	0	0	0	230	148	0	0	0	0	36	204	0	0	0	0	30	0	135	0	0	0	0	0	0	0	0	0	0	0	0	39	17	0	0	0	0	0	0	0	0	0	0	3156
Andri	0	8719	12072	497	346	2510	346	0	0	0	0	0	2345	1092	0	0	369	1148	0	810	0	1174	382	1399	0	527	0	0	96	0	0	0	201	0	0	0	0	0	296	0	0	0	0	0	0	1887	0	0	0	0	346	0	0	0	0	0	0	36562
bode	0	4629	6720	0	0	2091	0	0	0	0	611	30	49	954	0	0	0	0	0	72	265	2648	0	0	0	936	0	0	539	0	0	0	0	0	0	0	0	0	0	0	0	0	0	0	0	428	30	158	0	0	0	0	0	0	0	0	0	20160
$A$HA	6	10491	12486	561	224	1210	218	6	0	0	0	0	0	752	617	935	1055	1094	1835	1454	528	391	1830	0	0	333	0	0	0	45	104	0	43	0	0	0	34	0	470	0	0	0	0	14	0	432	296	0	0	0	0	0	0	0	0	0	218	37682
Raul	600	19605	27272	3855	2315	1497	1715	600	0	0	0	0	1083	200	156	3761	0	2147	0	822	374	5046	5735	281	0	667	0	0	0	0	0	0	0	0	0	0	0	125	171	0	0	3148	74	337	0	830	0	0	0	0	671	1044	0	0	0	0	0	84131
KristjanErik	0	146	219	0	0	73	0	0	0	0	0	0	0	0	0	0	0	0	0	0	0	0	146	0	0	0	0	0	0	0	0	0	0	0	0	0	0	0	0	0	0	0	0	0	0	73	0	0	0	0	0	0	0	0	0	0	0	657
kristjan.	0	271	2023	101	674	977	674	0	0	0	0	0	66	0	91	17	0	97	0	0	0	0	0	0	0	617	0	0	0	0	0	0	0	0	0	0	101	0	0	0	0	0	0	0	0	360	0	0	0	0	674	0	0	0	0	0	0	6743
Raki	0	0	3	0	0	3	0	0	0	0	0	0	0	0	0	0	0	0	0	0	0	0	0	0	0	0	0	0	0	0	0	0	0	0	0	0	0	0	0	0	0	0	0	0	0	3	0	0	0	0	0	0	0	0	0	0	0	9
TheCreepySheep	529	23888	58328	8361	6384	19695	5855	529	0	58	2824	295	7385	1143	1857	1849	204	485	230	1611	245	1325	4134	301	0	5461	558	0	0	199	28	0	3670	711	12	112	2385	399	0	0	0	394	0	206	0	10489	782	2120	0	472	658	1224	1642	2231	45	55	0	181368
VanWolfing	0	2797	5940	732	438	1973	438	0	0	0	58	3	748	567	118	27	1116	0	0	0	160	0	0	0	90	866	0	0	157	0	64	0	167	0	0	0	0	352	190	0	0	0	0	0	0	395	136	265	0	23	398	40	0	0	0	0	0	18258
reneberkmann	0	1018	3279	305	458	1498	458	0	0	0	227	0	187	71	0	0	0	0	199	199	0	0	0	135	0	91	0	1318	0	0	0	0	0	0	0	0	0	0	0	305	0	0	0	0	0	89	0	0	0	0	458	0	0	0	0	0	0	10295
raltm2e	0	824	1977	252	306	595	306	0	0	0	0	17	390	0	0	84	323	10	0	0	0	0	0	0	0	196	80	0	36	0	0	0	0	0	0	0	18	12	222	0	0	0	0	0	0	199	0	84	0	0	306	0	0	0	0	0	0	6237
renar	0	0	243	0	0	243	0	0	0	0	0	0	0	0	0	0	0	0	0	0	0	0	0	0	0	0	0	0	0	0	0	0	0	0	0	0	0	0	0	0	0	0	0	0	0	243	0	0	0	0	0	0	0	0	0	0	0	729
RSam	0	419	1428	0	782	227	782	0	0	0	0	0	0	0	0	0	154	0	0	0	265	0	0	0	0	0	0	120	0	0	0	0	0	0	0	0	0	0	0	0	0	0	0	0	0	107	0	0	0	0	0	133	28	0	0	0	621	5066
SiimM	0	4975	6842	1266	0	601	0	0	0	0	88	339	314	324	386	517	0	1356	531	386	279	0	0	455	0	67	0	0	228	0	0	0	0	0	0	0	432	15	246	0	0	442	0	80	0	137	0	169	0	51	0	0	0	0	0	0	0	20526
PeebukasNagmir69	0	3780	5222	1211	0	231	0	0	0	0	0	0	538	0	227	836	439	828	120	0	340	0	449	3	0	58	0	0	85	0	0	0	0	0	0	0	0	0	754	0	0	98	359	0	0	88	0	0	0	0	0	0	0	0	0	0	0	15666
Holger	0	12593	15412	2207	0	612	0	0	0	0	0	0	524	873	0	4125	363	1170	559	680	0	4299	0	0	0	0	0	81	0	0	0	0	0	0	0	447	1760	0	0	0	0	0	0	0	0	531	0	0	0	0	0	0	0	0	0	0	0	46236
andreivassiljev	121	6839	9893	1882	121	1051	0	121	0	0	299	35	467	536	236	2322	0	489	678	1488	0	0	289	0	0	550	0	0	0	0	56	0	214	0	0	0	271	0	588	0	0	809	0	0	0	77	368	0	0	0	0	0	0	0	0	0	0	29800
sociaL97	0	0	212	0	0	212	0	0	0	0	0	0	0	0	0	0	0	0	0	0	0	0	0	0	0	147	0	0	0	0	0	0	0	0	0	0	0	0	0	0	0	0	0	0	0	65	0	0	0	0	0	0	0	0	0	0	0	636
Alex.	0	3156	3726	176	0	394	0	0	0	0	91	0	389	252	0	0	0	0	0	172	321	231	117	1583	0	337	0	0	0	0	0	0	0	0	0	0	0	0	0	0	0	0	0	176	0	57	0	0	0	0	0	0	0	0	0	0	0	11178
G[A]stly	0	1231	6114	750	3725	408	3725	0	0	0	543	0	0	0	0	403	0	120	0	0	0	165	0	0	0	256	0	0	0	0	0	0	0	0	0	0	494	0	0	0	0	0	63	0	0	152	0	0	0	193	251	1735	290	0	1449	0	0	22067
zetty	0	664	1858	202	33	959	33	0	0	0	45	102	465	0	0	0	0	0	0	0	52	0	0	0	0	145	0	27	46	94	0	0	0	202	0	0	0	0	0	0	0	0	0	0	0	647	0	0	0	0	15	18	0	0	0	0	0	5607
Th3_D4ng3r	0	0	50	0	0	50	0	0	0	0	0	0	0	0	0	0	0	0	0	0	0	0	0	0	0	0	0	0	0	0	0	0	0	0	0	0	0	0	0	0	0	0	0	0	0	50	0	0	0	0	0	0	0	0	0	0	0	150
kaalikas	0	429	830	68	108	225	108	0	0	0	0	315	114	0	0	0	0	0	0	0	0	0	0	0	0	7	0	0	0	0	0	0	0	68	0	0	0	0	0	0	0	0	0	0	0	218	0	0	0	0	108	0	0	0	0	0	0	2598
Lammas	0	19	309	265	0	25	0	0	0	0	0	0	0	0	0	19	0	0	0	0	0	0	0	0	0	0	0	0	0	0	0	0	0	0	0	0	265	0	0	0	0	0	0	0	0	25	0	0	0	0	0	0	0	0	0	0	0	927
semph	0	451	814	0	140	223	140	0	0	0	197	0	159	0	95	0	0	0	0	0	0	0	0	0	0	65	0	0	0	0	0	0	0	0	0	0	0	0	0	0	0	0	0	0	0	107	0	51	0	0	140	0	0	0	0	0	0	2582
jkymmel	0	877	3373	571	48	1877	48	0	0	0	877	0	0	0	0	0	0	0	0	0	0	0	0	0	0	1014	0	0	0	0	0	0	103	102	0	0	0	0	0	0	0	0	322	0	0	706	157	0	0	44	48	0	0	0	0	0	0	10167
BruskiP	0	0	38	0	0	38	0	0	0	0	0	0	0	0	0	0	0	0	0	0	0	0	0	0	0	0	0	0	0	0	0	0	0	0	0	0	0	0	0	0	0	0	0	0	0	38	0	0	0	0	0	0	0	0	0	0	0	114
Entityknownevil	0	0	110	0	0	110	0	0	0	0	0	0	0	0	0	0	0	0	0	0	0	0	0	0	0	0	0	0	0	0	0	0	0	0	0	0	0	0	0	0	0	0	0	0	0	110	0	0	0	0	0	0	0	0	0	0	0	330
blender ™	0	0	23	0	0	23	0	0	0	0	0	0	0	0	0	0	0	0	0	0	0	0	0	0	0	0	0	0	0	0	0	0	0	0	0	0	0	0	0	0	0	0	0	0	0	23	0	0	0	0	0	0	0	0	0	0	0	69
JaagupSelli	0	1567	3958	99	274	2018	274	0	0	0	917	58	48	121	0	0	285	89	0	49	0	0	0	0	0	775	66	0	0	51	0	0	99	0	0	0	0	0	0	0	0	0	0	0	0	714	146	266	0	0	90	184	0	0	0	0	0	12148
Kadi Riin	0	68	81	0	0	13	0	0	0	0	68	0	0	0	0	0	0	0	0	0	0	0	0	0	0	0	0	0	0	0	0	0	0	0	0	0	0	0	0	0	0	0	0	0	0	13	0	0	0	0	0	0	0	0	0	0	0	243
NeljaRaudne	0	0	827	0	0	827	0	0	0	0	0	0	0	0	0	0	0	0	0	0	0	0	0	0	0	290	0	0	0	0	0	0	0	0	0	0	0	0	0	0	0	0	0	0	0	537	0	0	0	0	0	0	0	0	0	0	0	2481
L1ghtK	0	1234	1908	616	0	58	0	0	0	0	39	0	243	0	0	0	0	0	158	282	0	0	411	101	0	0	0	0	0	0	0	0	0	0	0	0	394	0	0	0	0	222	0	0	0	58	0	0	0	0	0	0	0	0	0	0	0	5724
maeiteamidagi	0	583	1970	985	0	402	0	0	0	0	198	303	0	0	82	0	0	0	0	0	0	0	0	0	0	0	0	0	0	0	0	0	0	0	0	0	0	0	0	0	0	64	0	0	0	402	0	0	0	921	0	0	0	0	0	0	0	5910
lenny666	0	15553	20929	2531	952	1893	952	0	0	0	0	0	2325	1762	0	3443	1080	3588	0	223	2393	0	739	0	0	544	500	790	0	0	0	0	184	132	0	0	1516	0	0	0	0	331	0	0	191	59	0	0	0	177	0	952	0	0	0	0	0	63739
kermz	0	1251	6909	829	0	4829	0	0	0	0	252	189	0	0	0	237	0	183	0	390	0	0	0	0	52	653	0	2917	0	0	0	0	393	0	0	0	376	0	60	0	0	0	0	0	0	362	220	625	0	0	0	0	0	0	0	0	0	20727
beatrix	0	231	1696	831	0	634	0	0	0	0	117	0	0	52	62	0	0	0	0	0	0	0	0	0	0	0	0	0	0	0	0	0	637	0	0	0	194	0	0	0	0	0	0	0	0	535	99	0	0	0	0	0	0	0	0	0	0	5088
JoosepE	0	0	121	0	0	121	0	0	0	0	0	0	0	0	0	0	0	0	0	0	0	0	0	0	0	0	0	71	0	0	0	0	0	0	0	0	0	0	0	0	0	0	0	0	0	50	0	0	0	0	0	0	0	0	0	0	0	363
Alkeze	0	0	183	132	0	51	0	0	0	0	0	0	0	0	0	0	0	0	0	0	0	0	0	0	0	41	0	0	0	0	0	0	132	0	0	0	0	0	0	0	0	0	0	0	0	10	0	0	0	0	0	0	0	0	0	0	0	549
ProtoMolecule	0	5298	13459	2977	0	5184	0	0	0	0	350	807	1328	195	831	0	0	1787	0	0	0	0	0	0	0	2597	0	1874	0	0	0	0	0	320	0	0	0	0	2657	0	0	0	0	0	0	0	713	0	0	0	0	0	0	0	0	0	0	40377
margus	0	2626	9600	696	757	5521	757	0	0	0	932	0	0	0	107	764	0	0	823	0	0	0	0	0	0	264	58	4674	0	0	0	0	69	0	101	216	310	0	0	0	0	0	0	0	0	383	0	142	0	0	757	0	0	0	0	0	0	29557
Dave_Shinji	0	7954	10397	548	0	1895	0	0	0	0	62	0	2359	2622	0	217	0	545	0	292	145	411	1301	0	0	1297	0	0	0	0	0	0	163	0	0	0	0	0	0	0	0	144	0	241	0	598	0	0	0	0	0	0	0	0	0	0	0	31191
Kristjan	0	1108	2359	398	0	853	0	0	0	0	0	0	527	0	194	24	41	322	0	0	0	0	0	0	0	203	151	0	0	0	0	0	0	0	0	0	153	7	238	0	0	0	0	0	0	354	145	0	0	0	0	0	0	0	0	0	0	7077
9to5	0	711	2266	1207	0	348	0	0	0	0	165	0	546	0	0	0	0	0	0	0	0	0	0	0	0	208	0	0	0	0	0	0	1207	0	0	0	0	0	0	0	0	0	0	0	0	140	0	0	0	0	0	0	0	0	0	0	0	6798
Jaanus	0	0	158	0	0	158	0	0	0	0	0	0	0	0	0	0	0	0	0	0	0	0	0	0	0	0	0	0	0	0	0	0	0	0	0	0	0	0	0	0	0	0	0	0	0	158	0	0	0	0	0	0	0	0	0	0	0	474
Sõne	0	0	1789	16	0	1773	0	0	0	0	0	0	0	0	0	0	0	0	0	0	0	0	0	0	0	468	31	1091	0	0	0	0	16	0	0	0	0	0	0	0	0	0	0	0	0	183	0	0	0	0	0	0	0	0	0	0	0	5367
AndG	0	0	1885	0	0	1885	0	0	0	0	0	0	0	0	0	0	0	0	0	0	0	0	0	0	0	1563	0	0	0	0	0	0	0	0	0	0	0	0	0	0	0	0	0	0	0	322	0	0	0	0	0	0	0	0	0	0	0	5655
r1cowet (Daniil Dzembak)	0	0	7	0	0	7	0	0	0	0	0	0	0	0	0	0	0	0	0	0	0	0	0	0	0	0	0	0	0	0	0	0	0	0	0	0	0	0	0	0	0	0	0	0	0	7	0	0	0	0	0	0	0	0	0	0	0	21
Oskar	97	1054	2490	17	344	1075	247	49	48	0	0	0	0	332	0	0	174	0	0	0	119	429	0	0	0	528	0	0	0	0	0	0	17	0	0	0	0	0	0	0	0	0	0	0	0	471	76	0	0	0	0	107	140	0	0	0	0	7814
Tafka	0	1339	1385	0	0	46	0	0	0	0	0	0	99	399	841	0	0	0	0	0	0	0	0	0	0	0	0	0	0	0	0	0	0	0	0	0	0	0	0	0	0	0	0	0	0	31	15	0	0	0	0	0	0	0	0	0	0	4155
lava	0	174	451	0	0	277	0	0	0	0	78	0	0	0	0	0	96	0	0	0	0	0	0	0	0	33	0	44	0	0	8	0	0	0	0	0	0	0	0	0	0	0	0	0	0	192	0	0	0	0	0	0	0	0	0	0	0	1353
teeleht	0	1863	2331	311	0	157	0	0	0	0	0	0	0	0	0	0	137	95	3	539	0	0	453	636	0	147	0	0	0	0	0	0	0	0	0	0	0	0	311	0	0	0	0	0	0	10	0	0	0	0	0	0	0	0	0	0	0	6993
TightRobotron	0	139	142	0	0	3	0	0	0	0	139	0	0	0	0	0	0	0	0	0	0	0	0	0	0	0	0	0	0	0	0	0	0	0	0	0	0	0	0	0	0	0	0	0	0	3	0	0	0	0	0	0	0	0	0	0	0	426
Teisi-LIis	0	1820	2857	791	0	246	0	0	0	0	456	0	0	0	0	0	165	0	41	806	352	0	0	0	0	214	0	0	0	0	0	0	0	0	0	0	209	0	0	0	0	209	0	216	0	32	0	0	0	157	0	0	0	0	0	0	0	8571
Kristina	0	0	670	0	0	670	0	0	0	0	0	0	0	0	0	0	0	0	0	0	0	0	0	0	0	313	0	183	0	0	0	0	0	0	0	0	0	0	0	0	0	0	0	0	0	174	0	0	0	0	0	0	0	0	0	0	0	2010
Anja	0	1681	3884	171	35	1997	35	0	0	0	207	0	0	0	15	0	0	0	0	0	1459	0	0	0	0	702	0	0	0	0	0	0	37	0	0	0	0	0	0	0	0	134	0	0	0	1295	0	0	0	0	35	0	0	0	0	0	0	11687
SmileyMusic	0	0	53	0	0	53	0	0	0	0	0	0	0	0	0	0	0	0	0	0	0	0	0	0	0	6	0	0	0	0	0	0	0	0	0	0	0	0	0	0	0	0	0	0	0	47	0	0	0	0	0	0	0	0	0	0	0	159
Ely	0	148	1184	464	0	572	0	0	0	0	148	0	0	0	0	0	0	0	0	0	0	0	0	0	0	217	0	0	0	0	0	0	464	0	0	0	0	0	0	0	0	0	0	0	0	50	109	196	0	0	0	0	0	0	0	0	0	3552
Edvin	0	19291	38724	14025	1449	3959	1449	0	0	0	124	540	1439	1201	462	2740	343	255	2191	192	119	5149	3052	1484	0	370	0	3463	0	12	0	0	0	2340	422	300	5273	0	3836	652	0	685	0	0	0	29	0	85	0	517	1449	0	0	0	0	0	0	117621
Ahti	0	471	8539	0	0	8068	0	0	0	0	0	302	0	0	0	0	169	0	0	0	0	0	0	0	0	68	0	7202	0	0	0	271	0	0	0	0	0	0	0	0	0	0	0	0	0	43	484	0	0	0	0	0	0	0	0	0	0	25617
KrabyK	0	0	62	0	0	62	0	0	0	0	0	0	0	0	0	0	0	0	0	0	0	0	0	0	0	6	0	0	0	0	0	0	0	0	0	0	0	0	0	0	0	0	0	0	0	56	0	0	0	0	0	0	0	0	0	0	0	186
Olari	0	594	2258	0	0	1664	0	0	0	0	594	0	0	0	0	0	0	0	0	0	0	0	0	0	0	0	0	1661	0	0	0	0	0	0	0	0	0	0	0	0	0	0	0	0	0	3	0	0	0	0	0	0	0	0	0	0	0	6774
IlmarB	0	1222	2195	184	453	336	453	0	0	0	228	0	158	0	149	0	0	0	282	271	100	34	0	0	0	131	0	0	0	0	0	0	0	0	0	0	0	0	0	0	0	184	0	0	0	155	0	50	0	0	453	0	0	0	0	0	0	7038
Karis	0	343	1200	397	0	460	0	0	0	0	152	0	0	0	123	0	0	0	0	0	68	0	0	0	0	249	0	0	26	0	0	0	0	0	0	0	76	0	268	0	53	0	0	0	0	0	185	0	0	0	0	0	0	0	0	0	0	3600
krohtla	7	34566	52535	7703	4134	6132	4127	7	0	146	716	0	2932	1930	2610	10960	3265	4906	1549	3835	1081	0	711	71	177	1231	144	3008	0	239	190	0	0	0	93	777	1468	619	1703	794	74	1697	0	0	411	0	802	195	0	67	608	1090	2382	47	0	0	0	161739
Scharlett	0	2482	8849	564	0	5803	0	0	0	926	0	947	515	120	544	356	0	0	0	0	0	0	0	0	0	558	0	3760	0	0	0	0	0	0	0	0	0	0	0	478	0	0	0	0	0	0	264	295	0	86	0	0	0	0	0	0	0	26547
LarsAsi	0	7931	8906	485	0	490	0	0	0	0	0	0	0	0	1091	2802	508	713	1500	0	0	72	1005	240	0	446	0	0	4	0	0	0	0	0	0	0	327	147	11	0	0	0	0	0	0	0	40	0	0	0	0	0	0	0	0	0	0	26718
Deleted User	0	847	2989	352	0	1790	0	0	0	0	0	355	113	0	191	188	0	0	0	0	0	0	0	0	0	503	0	0	0	0	0	0	0	352	0	0	0	0	0	0	0	0	0	0	0	0	986	301	0	0	0	0	0	0	0	0	0	8967
JanTreier	0	582	1119	0	0	537	0	0	0	0	47	0	0	0	0	535	0	0	0	0	0	0	0	0	0	0	0	0	0	0	0	0	0	0	0	0	0	0	0	0	0	0	0	0	0	0	510	27	0	0	0	0	0	0	0	0	0	3357
MeusChapeus	0	14491	17597	2367	0	739	0	0	0	0	0	0	788	436	906	2739	0	450	858	0	1025	0	6705	584	0	0	0	172	0	517	0	0	0	0	0	0	720	118	755	0	0	412	362	0	0	0	50	0	0	0	0	0	0	0	0	0	0	52791
Ivo	0	0	1663	0	0	1663	0	0	0	0	0	0	0	0	0	0	0	0	0	0	0	0	0	0	0	5	0	1411	0	0	0	0	0	0	0	0	0	0	0	0	0	0	0	0	0	0	247	0	0	0	0	0	0	0	0	0	0	4989
raimondl	0	923	2424	880	0	621	0	0	0	0	0	0	0	923	0	0	0	0	0	0	0	0	0	0	0	132	0	167	0	0	0	0	291	0	0	35	0	0	0	0	0	0	0	0	554	0	277	45	0	0	0	0	0	0	0	0	0	7272
Raggamasta	0	1429	1790	128	0	233	0	0	0	0	0	11	216	81	414	368	104	167	0	63	5	0	0	0	0	202	0	0	0	0	0	0	31	0	0	0	72	0	0	0	25	0	0	0	0	0	31	0	0	0	0	0	0	0	0	0	0	5370
Karliito	0	783	1303	2	0	518	0	0	0	0	0	9	0	0	97	0	0	221	456	0	0	0	0	0	0	28	321	0	0	0	0	0	0	0	0	0	0	0	2	0	0	0	0	0	0	0	169	0	0	0	0	0	0	0	0	0	0	3909
HarriH	0	7412	14399	1661	336	4990	336	0	0	0	1624	0	1232	1013	0	981	0	0	0	2491	71	0	0	0	0	1014	0	2257	0	0	0	0	190	760	0	0	516	10	185	0	0	0	0	0	0	0	51	1668	0	0	336	0	0	0	0	0	0	43533
Tidrexion	0	4125	6501	447	1494	435	1494	0	0	0	195	0	246	82	137	50	0	1459	0	11	378	0	1567	0	0	302	0	0	0	43	0	0	0	0	0	0	0	0	169	0	0	0	0	0	0	0	90	0	0	278	1494	0	0	0	0	0	0	20997
mikklahe	0	794	2667	0	0	1873	0	0	0	0	703	91	0	0	0	0	0	0	0	0	0	0	0	0	0	0	0	1261	0	0	0	0	0	0	0	0	0	0	0	0	0	0	0	0	0	0	612	0	0	0	0	0	0	0	0	0	0	8001
fox	0	1019	5086	0	0	4067	0	0	0	0	122	106	104	611	76	0	0	0	0	0	0	0	0	0	0	1419	250	1406	0	0	0	0	0	0	0	0	0	0	0	0	0	0	0	0	0	0	33	959	0	0	0	0	0	0	0	0	0	15258
Ken	0	4117	9177	476	958	3626	958	0	0	0	1853	0	92	806	0	0	491	407	0	468	0	0	0	0	0	213	0	2453	0	0	0	0	0	0	0	0	0	0	476	0	0	0	0	0	0	0	211	749	0	0	901	57	0	0	0	0	0	28489
Greete	0	0	129	0	0	129	0	0	0	0	0	0	0	0	0	0	0	0	0	0	0	0	0	0	0	0	0	0	0	0	0	0	0	0	0	0	0	0	0	0	0	0	0	0	0	0	129	0	0	0	0	0	0	0	0	0	0	387
PiiaMiia	0	0	386	0	0	386	0	0	0	0	0	0	0	0	0	0	0	0	0	0	0	0	0	0	0	61	0	0	0	0	0	0	0	0	0	0	0	0	0	0	0	0	0	0	0	0	325	0	0	0	0	0	0	0	0	0	0	1158
123321	0	1504	4220	0	0	2716	0	0	0	0	0	0	260	0	0	0	0	0	0	784	0	0	460	0	0	0	74	2211	0	0	0	0	0	0	0	0	0	0	0	0	0	0	0	0	0	0	0	431	0	0	0	0	0	0	0	0	0	12660
pesalu	0	12708	25824	5339	0	7777	0	0	0	0	809	0	3636	1765	6076	0	0	0	0	422	0	0	0	0	0	0	645	7132	0	0	0	0	0	2086	1128	144	0	0	0	0	1634	0	136	0	0	0	0	0	0	211	0	0	0	0	0	0	0	77472
ErkkiA	0	3937	5352	1006	0	409	0	0	0	0	793	0	0	0	0	0	0	0	0	0	1301	595	1248	0	0	21	0	388	0	0	0	0	0	0	0	0	737	0	0	0	0	0	269	0	0	0	0	0	0	0	0	0	0	0	0	0	0	16056
Margo	0	1260	4761	3419	0	82	0	0	0	0	0	0	93	0	0	0	0	502	228	302	0	0	0	135	0	0	0	82	0	0	0	0	0	0	0	0	0	0	209	0	0	594	2328	0	288	0	0	0	0	0	0	0	0	0	0	0	0	14283
kf	0	703	1270	243	0	324	0	0	0	0	320	0	0	0	0	0	90	0	0	293	0	0	0	0	0	78	0	246	0	0	0	0	0	0	0	0	0	0	0	0	0	243	0	0	0	0	0	0	0	0	0	0	0	0	0	0	0	3810
Kristo	0	23	191	0	47	121	47	0	0	0	0	0	0	0	0	0	0	0	0	0	23	0	0	0	0	0	0	121	0	0	0	0	0	0	0	0	0	0	0	0	0	0	0	0	0	0	0	0	0	0	47	0	0	0	0	0	0	620
KO	0	433	680	0	0	247	0	0	0	0	0	0	0	0	0	0	0	0	433	0	0	0	0	0	0	0	0	247	0	0	0	0	0	0	0	0	0	0	0	0	0	0	0	0	0	0	0	0	0	0	0	0	0	0	0	0	0	2040
Frank	0	711	1670	217	470	272	470	0	0	0	130	127	87	130	79	17	141	0	0	0	0	0	0	0	0	0	14	258	0	0	0	0	0	0	0	135	82	0	0	0	0	0	0	0	0	0	0	0	0	0	294	0	176	0	0	0	0	5480
jevg	0	0	438	151	0	287	0	0	0	0	0	0	0	0	0	0	0	0	0	0	0	0	0	0	0	0	0	287	0	0	0	0	0	0	0	0	0	0	151	0	0	0	0	0	0	0	0	0	0	0	0	0	0	0	0	0	0	1314
KrisTi	0	6233	12498	4182	0	2083	0	0	0	0	1292	0	1164	3620	157	0	0	0	0	0	0	0	0	0	0	177	0	1013	0	0	0	0	308	1471	0	517	1886	0	0	0	0	0	0	0	0	0	0	893	0	0	0	0	0	0	0	0	0	37494
eikall	0	1021	2205	238	0	946	0	0	0	0	0	0	0	0	0	128	0	0	0	327	0	0	566	0	0	0	0	946	0	0	0	0	0	0	0	0	0	0	0	0	0	238	0	0	0	0	0	0	0	0	0	0	0	0	0	0	0	6615
taavet	0	2030	8125	418	2791	2886	2791	0	0	0	0	0	469	76	0	1095	0	0	0	106	284	0	0	0	0	0	0	2886	0	0	0	0	0	0	0	418	0	0	0	0	0	0	0	0	0	0	0	0	0	0	0	2623	168	0	0	0	0	27166
kristinamerlyn	0	0	5344	117	0	5227	0	0	0	0	0	0	0	0	0	0	0	0	0	0	0	0	0	0	0	1222	0	4005	0	0	0	0	0	0	117	0	0	0	0	0	0	0	0	0	0	0	0	0	0	0	0	0	0	0	0	0	0	16032
nooblander	0	0	2235	0	0	2235	0	0	0	0	0	0	0	0	0	0	0	0	0	0	0	0	0	0	0	0	0	2235	0	0	0	0	0	0	0	0	0	0	0	0	0	0	0	0	0	0	0	0	0	0	0	0	0	0	0	0	0	6705
Angoora Janguuru	0	0	424	0	0	424	0	0	0	0	0	0	0	0	0	0	0	0	0	0	0	0	0	0	0	0	106	318	0	0	0	0	0	0	0	0	0	0	0	0	0	0	0	0	0	0	0	0	0	0	0	0	0	0	0	0	0	1272
jevg	0	0	256	0	0	256	0	0	0	0	0	0	0	0	0	0	0	0	0	0	0	0	0	0	0	144	0	112	0	0	0	0	0	0	0	0	0	0	0	0	0	0	0	0	0	0	0	0	0	0	0	0	0	0	0	0	0	768
raimpz	0	637	908	0	0	271	0	0	0	0	0	0	637	0	0	0	0	0	0	0	0	0	0	0	0	75	0	196	0	0	0	0	0	0	0	0	0	0	0	0	0	0	0	0	0	0	0	0	0	0	0	0	0	0	0	0	0	2724
Ahti	0	0	4	0	0	4	0	0	0	0	0	0	0	0	0	0	0	0	0	0	0	0	0	0	0	0	0	4	0	0	0	0	0	0	0	0	0	0	0	0	0	0	0	0	0	0	0	0	0	0	0	0	0	0	0	0	0	12
emmakuppart	0	596	1057	48	0	413	0	0	0	0	0	0	0	171	0	0	0	425	0	0	0	0	0	0	0	0	0	413	0	0	0	0	48	0	0	0	0	0	0	0	0	0	0	0	0	0	0	0	0	0	0	0	0	0	0	0	0	3171
Villu	0	43	866	457	0	366	0	0	0	0	43	0	0	0	0	0	0	0	0	0	0	0	0	0	0	43	167	156	0	0	0	0	0	457	0	0	0	0	0	0	0	0	0	0	0	0	0	0	0	0	0	0	0	0	0	0	0	2598
Gert_Lohmus	449	5964	12003	1930	3051	1058	2602	449	0	0	0	0	348	0	0	1610	1564	258	0	597	556	765	266	0	0	25	0	1033	0	0	0	0	0	0	0	482	1448	0	0	0	0	0	0	0	0	0	0	0	0	0	0	0	341	0	1197	458	606	39060
marmaa	0	1277	1742	375	0	90	0	0	0	0	0	0	665	612	0	0	0	0	0	0	0	0	0	0	0	0	0	90	0	0	0	0	0	275	0	100	0	0	0	0	0	0	0	0	0	0	0	0	0	0	0	0	0	0	0	0	0	5226
Sveta	0	0	1917	0	0	1917	0	0	0	0	0	0	0	0	0	0	0	0	0	0	0	0	0	0	0	0	0	1917	0	0	0	0	0	0	0	0	0	0	0	0	0	0	0	0	0	0	0	0	0	0	0	0	0	0	0	0	0	5751
KPohl	0	0	2086	1077	0	1009	0	0	0	0	0	0	0	0	0	0	0	0	0	0	0	0	0	0	0	123	129	757	0	0	0	0	964	113	0	0	0	0	0	0	0	0	0	0	0	0	0	0	0	0	0	0	0	0	0	0	0	6258
d0nsm	0	1163	2066	867	0	36	0	0	0	0	0	0	147	185	217	614	0	0	0	0	0	0	0	0	0	0	0	36	0	0	0	0	647	22	0	0	0	0	0	0	0	198	0	0	0	0	0	0	0	0	0	0	0	0	0	0	0	6198
SportAnLife	0	0	133	0	0	133	0	0	0	0	0	0	0	0	0	0	0	0	0	0	0	0	0	0	0	0	0	133	0	0	0	0	0	0	0	0	0	0	0	0	0	0	0	0	0	0	0	0	0	0	0	0	0	0	0	0	0	399
Taavi Paal	0	854	1147	0	0	293	0	0	0	0	0	0	0	0	0	854	0	0	0	0	0	0	0	0	0	153	0	140	0	0	0	0	0	0	0	0	0	0	0	0	0	0	0	0	0	0	0	0	0	0	0	0	0	0	0	0	0	3441
Kirill	0	274	319	0	0	45	0	0	0	0	0	0	274	0	0	0	0	0	0	0	0	0	0	0	0	19	0	26	0	0	0	0	0	0	0	0	0	0	0	0	0	0	0	0	0	0	0	0	0	0	0	0	0	0	0	0	0	957
Vlarali	0	0	64	0	0	64	0	0	0	0	0	0	0	0	0	0	0	0	0	0	0	0	0	0	0	0	0	64	0	0	0	0	0	0	0	0	0	0	0	0	0	0	0	0	0	0	0	0	0	0	0	0	0	0	0	0	0	192
Raul	0	845	1129	219	0	65	0	0	0	0	0	0	0	276	0	569	0	0	0	0	0	0	0	0	0	55	0	0	0	0	10	0	0	0	0	0	0	0	219	0	0	0	0	0	0	0	0	0	0	0	0	0	0	0	0	0	0	3387
Mokkachino	0	58	1105	496	0	551	0	0	0	0	0	0	0	0	0	0	0	58	0	0	0	0	0	0	0	111	391	0	0	0	49	0	496	0	0	0	0	0	0	0	0	0	0	0	0	0	0	0	0	0	0	0	0	0	0	0	0	3315
voyager94	0	299	710	119	206	86	206	0	0	0	0	0	0	0	0	0	0	0	0	0	0	0	299	0	0	37	0	0	0	0	0	0	0	0	0	0	0	0	119	0	0	0	0	0	0	0	0	49	0	0	206	0	0	0	0	0	0	2336
ilja	0	56	75	0	0	19	0	0	0	0	0	0	0	0	0	0	0	56	0	0	0	0	0	0	0	0	0	0	0	0	0	0	0	0	0	0	0	0	0	0	0	0	0	0	0	0	0	19	0	0	0	0	0	0	0	0	0	225
Home Run	397	1321	4960	742	1787	1110	1390	0	397	0	0	0	0	0	0	114	0	149	0	217	0	0	519	322	0	925	0	0	0	0	0	0	0	0	0	0	0	0	0	0	0	0	523	0	0	0	0	185	0	219	887	0	141	0	215	147	0	16667
IamAVeryRandomUserNumber2	0	0	110	0	0	110	0	0	0	0	0	0	0	0	0	0	0	0	0	0	0	0	0	0	0	0	0	0	0	0	0	0	0	0	0	0	0	0	0	0	0	0	0	0	0	0	0	110	0	0	0	0	0	0	0	0	0	330
Marek Lahk	0	33	308	0	0	275	0	0	0	0	33	0	0	0	0	0	0	0	0	0	0	0	0	0	0	0	0	0	0	0	0	0	0	0	0	0	0	0	0	0	0	0	0	0	0	0	0	275	0	0	0	0	0	0	0	0	0	924
Timo Loomets	450	2034	4378	166	1260	918	810	450	0	0	0	0	334	0	0	311	0	0	0	0	1389	0	0	0	15	262	0	0	0	0	0	0	0	0	0	0	0	0	0	0	0	0	0	0	0	0	0	641	0	166	37	113	0	146	102	240	172	14394
TSlex	0	2569	3169	81	318	201	318	0	0	0	0	0	956	0	243	457	76	0	0	0	0	0	708	129	0	0	0	0	0	0	0	0	0	0	0	0	0	0	0	0	0	0	81	0	0	0	0	201	0	0	112	206	0	0	0	0	0	9825
Jevgenia	0	10018	22181	2288	3019	6856	3019	0	0	1394	244	0	0	0	248	2238	701	675	0	1881	213	1265	2220	333	0	3744	0	0	356	0	0	0	75	260	0	0	613	0	564	0	520	0	0	0	256	0	0	1362	0	0	1738	1281	0	0	0	0	0	69562
TheCrimee	0	138	273	0	116	19	116	0	0	0	138	0	0	0	0	0	0	0	0	0	0	0	0	0	0	0	0	0	0	0	0	0	0	0	0	0	0	0	0	0	0	0	0	0	0	0	0	19	0	0	116	0	0	0	0	0	0	935
hard1	0	489	524	0	0	35	0	0	0	0	0	0	0	0	0	0	0	0	0	233	256	0	0	0	0	0	35	0	0	0	0	0	0	0	0	0	0	0	0	0	0	0	0	0	0	0	0	0	0	0	0	0	0	0	0	0	0	1572
omarmahlapuu	0	0	4	0	0	4	0	0	0	0	0	0	0	0	0	0	0	0	0	0	0	0	0	0	0	0	4	0	0	0	0	0	0	0	0	0	0	0	0	0	0	0	0	0	0	0	0	0	0	0	0	0	0	0	0	0	0	12
LiisiLota	0	2023	2319	124	0	172	0	0	0	0	315	236	0	130	0	937	0	181	0	0	0	0	0	224	0	0	172	0	0	0	0	0	0	0	0	0	124	0	0	0	0	0	0	0	0	0	0	0	0	0	0	0	0	0	0	0	0	6957
Neoduck	0	0	165	0	0	165	0	0	0	0	0	0	0	0	0	0	0	0	0	0	0	0	0	0	0	0	165	0	0	0	0	0	0	0	0	0	0	0	0	0	0	0	0	0	0	0	0	0	0	0	0	0	0	0	0	0	0	495
Gremow	0	624	1865	435	75	731	75	0	0	0	0	0	0	0	0	0	374	0	0	250	0	0	0	0	0	697	34	0	0	0	0	0	0	0	0	0	0	0	435	0	0	0	0	0	0	0	0	0	0	0	75	0	0	0	0	0	0	5670
Karl_H	0	142	226	0	39	45	39	0	0	0	0	0	0	0	0	142	0	0	0	0	0	0	0	0	0	0	45	0	0	0	0	0	0	0	0	0	0	0	0	0	0	0	0	0	0	0	0	0	0	0	39	0	0	0	0	0	0	717
Parvetaja	0	1060	2207	360	638	149	638	0	0	0	0	0	0	0	0	140	179	213	0	292	0	236	0	0	0	0	149	0	0	0	0	0	0	0	0	0	0	0	0	0	0	0	85	0	0	0	0	0	0	275	0	0	0	638	0	0	0	7259
fredpaist	0	174	286	72	21	19	21	0	0	0	0	0	0	0	0	174	0	0	0	0	0	0	0	0	0	0	19	0	0	0	0	0	0	0	0	0	67	0	5	0	0	0	0	0	0	0	0	0	0	0	0	21	0	0	0	0	0	879
Sufleks	0	0	39	0	0	39	0	0	0	0	0	0	0	0	0	0	0	0	0	0	0	0	0	0	0	0	39	0	0	0	0	0	0	0	0	0	0	0	0	0	0	0	0	0	0	0	0	0	0	0	0	0	0	0	0	0	0	117
liliat	0	9864	10293	297	0	132	0	0	0	0	1396	0	7945	290	233	0	0	0	0	0	0	0	0	0	0	61	71	0	0	0	0	0	196	101	0	0	0	0	0	0	0	0	0	0	0	0	0	0	0	0	0	0	0	0	0	0	0	30879
Kiwitimot	0	135	617	132	273	77	273	0	0	0	0	0	0	0	0	0	0	0	0	0	0	0	135	0	0	0	77	0	0	0	0	0	0	0	0	0	0	0	0	0	0	132	0	0	0	0	0	0	0	0	0	273	0	0	0	0	0	2124
svenanton	0	4619	7083	0	1851	613	1851	0	0	0	0	0	0	1888	0	1045	1364	0	322	0	0	0	0	0	0	0	613	0	0	0	0	0	0	0	0	0	0	0	0	0	0	0	0	0	0	0	0	0	0	0	1851	0	0	0	0	0	0	23100
Tark hiina vanamees	0	663	1505	0	842	0	842	0	0	0	0	0	0	409	0	254	0	0	0	0	0	0	0	0	0	0	0	0	0	0	0	0	0	0	0	0	0	0	0	0	0	0	0	0	0	0	0	0	0	0	0	0	0	531	311	0	0	5357
synsustainiac	0	53	53	0	0	0	0	0	0	0	0	0	0	0	0	0	53	0	0	0	0	0	0	0	0	0	0	0	0	0	0	0	0	0	0	0	0	0	0	0	0	0	0	0	0	0	0	0	0	0	0	0	0	0	0	0	0	159
Break_The_Silence	0	0	0	0	0	0	0	0	0	0	0	0	0	0	0	0	0	0	0	0	0	0	0	0	0	0	0	0	0	0	0	0	0	0	0	0	0	0	0	0	0	0	0	0	0	0	0	0	0	0	0	0	0	0	0	0	0	0
CodingBad	0	195	195	0	0	0	0	0	0	0	0	0	0	0	0	0	0	0	0	91	104	0	0	0	0	0	0	0	0	0	0	0	0	0	0	0	0	0	0	0	0	0	0	0	0	0	0	0	0	0	0	0	0	0	0	0	0	585
SASKE	0	1105	1201	96	0	0	0	0	0	0	0	0	0	0	115	0	0	333	0	157	287	0	213	0	0	0	0	0	0	0	0	0	0	0	0	0	0	0	0	0	0	0	96	0	0	0	0	0	0	0	0	0	0	0	0	0	0	3603
gautam	0	869	1152	256	0	27	0	0	0	0	0	0	0	0	0	0	0	0	0	0	869	0	0	0	0	0	0	0	27	0	0	0	0	0	0	0	0	0	256	0	0	0	0	0	0	0	0	0	0	0	0	0	0	0	0	0	0	3456
raunc	0	1192	2157	529	374	62	374	0	0	0	0	0	0	0	0	0	0	691	0	501	0	0	0	0	0	0	0	0	62	0	0	0	0	0	0	0	0	0	0	0	0	0	0	0	342	0	0	0	0	187	0	0	374	0	0	0	0	6845
Preheat to 375°	0	0	77	0	0	77	0	0	0	0	0	0	0	0	0	0	0	0	0	0	0	0	0	0	77	0	0	0	0	0	0	0	0	0	0	0	0	0	0	0	0	0	0	0	0	0	0	0	0	0	0	0	0	0	0	0	0	231
Nemens1s	0	180	656	273	0	203	0	0	0	0	0	104	64	0	12	0	0	0	0	0	0	0	0	0	121	82	0	0	0	0	0	0	0	0	0	0	0	0	0	0	0	0	238	0	35	0	0	0	0	0	0	0	0	0	0	0	0	1968
heidi	0	0	1153	0	1153	0	1153	0	0	0	0	0	0	0	0	0	0	0	0	0	0	0	0	0	0	0	0	0	0	0	0	0	0	0	0	0	0	0	0	0	0	0	0	0	0	0	0	0	0	0	66	185	902	0	0	0	0	4612
aveka	0	316	777	212	0	249	0	0	0	0	0	0	316	0	0	0	0	0	0	0	0	0	0	0	0	249	0	0	0	0	0	0	212	0	0	0	0	0	0	0	0	0	0	0	0	0	0	0	0	0	0	0	0	0	0	0	0	2331
tsarapuu	0	50	145	0	0	95	0	0	0	0	0	0	0	0	50	0	0	0	0	0	0	0	0	0	0	95	0	0	0	0	0	0	0	0	0	0	0	0	0	0	0	0	0	0	0	0	0	0	0	0	0	0	0	0	0	0	0	435
savyla	0	0	137	40	0	97	0	0	0	0	0	0	0	0	0	0	0	0	0	0	0	0	0	0	0	97	0	0	0	0	0	0	0	0	0	0	0	0	40	0	0	0	0	0	0	0	0	0	0	0	0	0	0	0	0	0	0	411
Misha	0	120	216	0	55	41	55	0	0	0	0	0	0	0	0	120	0	0	0	0	0	0	0	0	0	41	0	0	0	0	0	0	0	0	0	0	0	0	0	0	0	0	0	0	0	0	0	0	0	0	0	0	55	0	0	0	0	703
Katarina	0	481	507	0	0	26	0	0	0	0	0	0	326	0	0	0	0	0	0	0	155	0	0	0	0	26	0	0	0	0	0	0	0	0	0	0	0	0	0	0	0	0	0	0	0	0	0	0	0	0	0	0	0	0	0	0	0	1521
Alexandra	0	0	243	0	0	243	0	0	0	0	0	0	0	0	0	0	0	0	0	0	0	0	0	0	0	243	0	0	0	0	0	0	0	0	0	0	0	0	0	0	0	0	0	0	0	0	0	0	0	0	0	0	0	0	0	0	0	729
Sukram	0	332	434	0	0	102	0	0	0	0	0	190	0	0	0	0	142	0	0	0	0	0	0	0	0	102	0	0	0	0	0	0	0	0	0	0	0	0	0	0	0	0	0	0	0	0	0	0	0	0	0	0	0	0	0	0	0	1302
AnnaS	0	9294	9324	0	0	30	0	0	0	0	383	477	0	0	489	0	1366	210	292	0	1700	2658	1719	0	0	30	0	0	0	0	0	0	0	0	0	0	0	0	0	0	0	0	0	0	0	0	0	0	0	0	0	0	0	0	0	0	0	27972
Sirual	0	3177	3228	0	0	51	0	0	0	0	0	0	0	0	0	0	251	0	469	0	101	490	1764	102	0	51	0	0	0	0	0	0	0	0	0	0	0	0	0	0	0	0	0	0	0	0	0	0	0	0	0	0	0	0	0	0	0	9684
Ove	0	64	105	0	0	41	0	0	0	0	0	0	0	64	0	0	0	0	0	0	0	0	0	0	0	41	0	0	0	0	0	0	0	0	0	0	0	0	0	0	0	0	0	0	0	0	0	0	0	0	0	0	0	0	0	0	0	315
alsoik	0	0	33	0	0	33	0	0	0	0	0	0	0	0	0	0	0	0	0	0	0	0	0	0	0	33	0	0	0	0	0	0	0	0	0	0	0	0	0	0	0	0	0	0	0	0	0	0	0	0	0	0	0	0	0	0	0	99
emotüdruk	0	343	817	279	0	195	0	0	0	0	0	0	0	0	0	244	0	0	0	0	99	0	0	0	0	195	0	0	0	0	0	0	0	0	0	0	279	0	0	0	0	0	0	0	0	0	0	0	0	0	0	0	0	0	0	0	0	2451
Boriss	0	3972	4767	732	0	63	0	0	0	0	74	0	0	0	0	0	747	416	0	609	1114	806	206	0	0	63	0	0	0	0	0	0	60	0	0	0	333	0	0	255	84	0	0	0	0	0	0	0	0	0	0	0	0	0	0	0	0	14301
napoleon	0	0	172	0	0	172	0	0	0	0	0	0	0	0	0	0	0	0	0	0	0	0	0	0	0	172	0	0	0	0	0	0	0	0	0	0	0	0	0	0	0	0	0	0	0	0	0	0	0	0	0	0	0	0	0	0	0	516
eikall	0	4706	6700	769	0	1225	0	0	0	0	0	0	0	0	234	1687	1508	1032	0	0	0	0	245	0	0	1225	0	0	0	0	0	0	0	0	0	400	0	0	84	0	0	0	0	0	0	0	0	0	0	285	0	0	0	0	0	0	0	20100
Tuuli	0	2082	2587	0	0	505	0	0	0	0	0	0	0	103	0	822	282	0	0	0	0	875	0	0	0	505	0	0	0	0	0	0	0	0	0	0	0	0	0	0	0	0	0	0	0	0	0	0	0	0	0	0	0	0	0	0	0	7761
tahvel	0	0	20	0	0	20	0	0	0	0	0	0	0	0	0	0	0	0	0	0	0	0	0	0	0	20	0	0	0	0	0	0	0	0	0	0	0	0	0	0	0	0	0	0	0	0	0	0	0	0	0	0	0	0	0	0	0	60
Annie	0	2939	6013	2581	0	493	0	0	0	0	1077	55	711	0	464	60	83	0	0	363	126	0	0	0	0	493	0	0	0	0	0	0	1998	0	0	0	258	0	325	0	0	0	0	0	0	0	0	0	0	0	0	0	0	0	0	0	0	18039
Loogikaosakond	0	0	19	0	0	19	0	0	0	0	0	0	0	0	0	0	0	0	0	0	0	0	0	0	0	19	0	0	0	0	0	0	0	0	0	0	0	0	0	0	0	0	0	0	0	0	0	0	0	0	0	0	0	0	0	0	0	57
TT	0	199	1359	0	0	1160	0	0	0	0	0	0	0	199	0	0	0	0	0	0	0	0	0	0	0	1160	0	0	0	0	0	0	0	0	0	0	0	0	0	0	0	0	0	0	0	0	0	0	0	0	0	0	0	0	0	0	0	4077
Karel	0	0	169	0	0	169	0	0	0	0	0	0	0	0	0	0	0	0	0	0	0	0	0	0	0	169	0	0	0	0	0	0	0	0	0	0	0	0	0	0	0	0	0	0	0	0	0	0	0	0	0	0	0	0	0	0	0	507
anpopl	0	70	800	0	0	730	0	0	0	0	0	0	70	0	0	0	0	0	0	0	0	0	0	0	0	730	0	0	0	0	0	0	0	0	0	0	0	0	0	0	0	0	0	0	0	0	0	0	0	0	0	0	0	0	0	0	0	2400
Svetlana	0	505	822	0	0	317	0	0	0	0	0	0	505	0	0	0	0	0	0	0	0	0	0	0	0	317	0	0	0	0	0	0	0	0	0	0	0	0	0	0	0	0	0	0	0	0	0	0	0	0	0	0	0	0	0	0	0	2466
Lkesse	0	544	565	0	0	21	0	0	0	0	0	0	0	0	237	0	0	120	0	0	2	0	185	0	0	21	0	0	0	0	0	0	0	0	0	0	0	0	0	0	0	0	0	0	0	0	0	0	0	0	0	0	0	0	0	0	0	1695
Valeri K	0	217	440	0	0	223	0	0	0	0	0	217	0	0	0	0	0	0	0	0	0	0	0	0	0	223	0	0	0	0	0	0	0	0	0	0	0	0	0	0	0	0	0	0	0	0	0	0	0	0	0	0	0	0	0	0	0	1320
Slicey	0	695	1338	0	0	643	0	0	0	0	0	334	0	0	0	0	0	0	0	0	0	0	0	361	0	643	0	0	0	0	0	0	0	0	0	0	0	0	0	0	0	0	0	0	0	0	0	0	0	0	0	0	0	0	0	0	0	4014
kristjan741	0	0	154	0	0	154	0	0	0	0	0	0	0	0	0	0	0	0	0	0	0	0	0	0	0	154	0	0	0	0	0	0	0	0	0	0	0	0	0	0	0	0	0	0	0	0	0	0	0	0	0	0	0	0	0	0	0	462
krpeda	0	0	192	0	0	192	0	0	0	0	0	0	0	0	0	0	0	0	0	0	0	0	0	0	0	192	0	0	0	0	0	0	0	0	0	0	0	0	0	0	0	0	0	0	0	0	0	0	0	0	0	0	0	0	0	0	0	576
Jelena	0	318	483	124	0	41	0	0	0	0	52	0	266	0	0	0	0	0	0	0	0	0	0	0	0	41	0	0	0	0	0	0	0	0	0	0	0	0	0	0	0	0	0	124	0	0	0	0	0	0	0	0	0	0	0	0	0	1449
anneliis	0	195	278	0	0	83	0	0	0	0	0	14	0	0	0	0	0	0	0	0	0	0	0	181	0	83	0	0	0	0	0	0	0	0	0	0	0	0	0	0	0	0	0	0	0	0	0	0	0	0	0	0	0	0	0	0	0	834
Jelena	0	0	83	0	0	83	0	0	0	0	0	0	0	0	0	0	0	0	0	0	0	0	0	0	0	83	0	0	0	0	0	0	0	0	0	0	0	0	0	0	0	0	0	0	0	0	0	0	0	0	0	0	0	0	0	0	0	249
NA	0	0	373	0	0	373	0	0	0	0	0	0	0	0	0	0	0	0	0	0	0	0	0	0	0	373	0	0	0	0	0	0	0	0	0	0	0	0	0	0	0	0	0	0	0	0	0	0	0	0	0	0	0	0	0	0	0	1119
Denkru56	0	261	626	122	0	243	0	0	0	0	145	0	0	116	0	0	0	0	0	0	0	0	0	0	0	243	0	0	0	0	0	0	59	0	0	0	0	0	0	0	0	63	0	0	0	0	0	0	0	0	0	0	0	0	0	0	0	1878
Igor	0	2531	3317	320	370	96	370	0	0	0	0	0	0	320	0	1038	0	48	0	0	169	0	202	754	0	96	0	0	0	0	0	0	0	0	0	0	152	0	0	0	168	0	0	0	0	0	0	0	0	0	0	50	320	0	0	0	0	10321
Bigdwarf	0	0	63	0	0	63	0	0	0	0	0	0	0	0	0	0	0	0	0	0	0	0	0	0	0	63	0	0	0	0	0	0	0	0	0	0	0	0	0	0	0	0	0	0	0	0	0	0	0	0	0	0	0	0	0	0	0	189
kazenokami	0	1652	2649	667	0	330	0	0	0	0	384	717	493	0	58	0	0	0	0	0	0	0	0	0	0	330	0	0	0	0	0	0	667	0	0	0	0	0	0	0	0	0	0	0	0	0	0	0	0	0	0	0	0	0	0	0	0	7947
tank	0	0	128	0	0	128	0	0	0	0	0	0	0	0	0	0	0	0	0	0	0	0	0	0	0	128	0	0	0	0	0	0	0	0	0	0	0	0	0	0	0	0	0	0	0	0	0	0	0	0	0	0	0	0	0	0	0	384
lepapuu	0	846	1959	1070	0	43	0	0	0	0	0	0	0	350	0	0	0	0	0	46	28	147	275	0	0	43	0	0	0	0	0	0	0	0	0	0	0	0	209	104	757	0	0	0	0	0	0	0	0	0	0	0	0	0	0	0	0	5877
liinavil	0	0	510	320	0	190	0	0	0	0	0	0	0	0	0	0	0	0	0	0	0	0	0	0	0	190	0	0	0	0	0	0	320	0	0	0	0	0	0	0	0	0	0	0	0	0	0	0	0	0	0	0	0	0	0	0	0	1530
kkirss	0	0	7	0	0	7	0	0	0	0	0	0	0	0	0	0	0	0	0	0	0	0	0	0	0	7	0	0	0	0	0	0	0	0	0	0	0	0	0	0	0	0	0	0	0	0	0	0	0	0	0	0	0	0	0	0	0	21
Marcel	0	0	60	0	0	60	0	0	0	0	0	0	0	0	0	0	0	0	0	0	0	0	0	0	0	60	0	0	0	0	0	0	0	0	0	0	0	0	0	0	0	0	0	0	0	0	0	0	0	0	0	0	0	0	0	0	0	180
napoleon	0	0	17	0	0	17	0	0	0	0	0	0	0	0	0	0	0	0	0	0	0	0	0	0	0	17	0	0	0	0	0	0	0	0	0	0	0	0	0	0	0	0	0	0	0	0	0	0	0	0	0	0	0	0	0	0	0	51
Luisa	0	0	11	0	0	11	0	0	0	0	0	0	0	0	0	0	0	0	0	0	0	0	0	0	0	11	0	0	0	0	0	0	0	0	0	0	0	0	0	0	0	0	0	0	0	0	0	0	0	0	0	0	0	0	0	0	0	33
Brita	0	377	377	0	0	0	0	0	0	0	377	0	0	0	0	0	0	0	0	0	0	0	0	0	0	0	0	0	0	0	0	0	0	0	0	0	0	0	0	0	0	0	0	0	0	0	0	0	0	0	0	0	0	0	0	0	0	1131
pesalu	0	714	714	0	0	0	0	0	0	0	714	0	0	0	0	0	0	0	0	0	0	0	0	0	0	0	0	0	0	0	0	0	0	0	0	0	0	0	0	0	0	0	0	0	0	0	0	0	0	0	0	0	0	0	0	0	0	2142
Shmel	0	1585	1743	158	0	0	0	0	0	0	222	319	0	492	0	0	424	128	0	0	0	0	0	0	0	0	0	0	0	0	0	0	0	0	158	0	0	0	0	0	0	0	0	0	0	0	0	0	0	0	0	0	0	0	0	0	0	5229
feeldtzz	0	331	485	0	154	0	154	0	0	0	331	0	0	0	0	0	0	0	0	0	0	0	0	0	0	0	0	0	0	0	0	0	0	0	0	0	0	0	0	0	0	0	0	0	0	0	0	0	0	0	154	0	0	0	0	0	0	1609
vabriku direktor	0	228	228	0	0	0	0	0	0	0	228	0	0	0	0	0	0	0	0	0	0	0	0	0	0	0	0	0	0	0	0	0	0	0	0	0	0	0	0	0	0	0	0	0	0	0	0	0	0	0	0	0	0	0	0	0	0	684
Krandr	0	140	140	0	0	0	0	0	0	0	140	0	0	0	0	0	0	0	0	0	0	0	0	0	0	0	0	0	0	0	0	0	0	0	0	0	0	0	0	0	0	0	0	0	0	0	0	0	0	0	0	0	0	0	0	0	0	420
TheGreatLarkin	0	267	267	0	0	0	0	0	0	0	267	0	0	0	0	0	0	0	0	0	0	0	0	0	0	0	0	0	0	0	0	0	0	0	0	0	0	0	0	0	0	0	0	0	0	0	0	0	0	0	0	0	0	0	0	0	0	801
Aleksa	0	613	613	0	0	0	0	0	0	0	53	0	560	0	0	0	0	0	0	0	0	0	0	0	0	0	0	0	0	0	0	0	0	0	0	0	0	0	0	0	0	0	0	0	0	0	0	0	0	0	0	0	0	0	0	0	0	1839
Ragnar	1588	58	1646	0	1588	0	0	753	835	0	58	0	0	0	0	0	0	0	0	0	0	0	0	0	0	0	0	0	0	0	0	0	0	0	0	0	0	0	0	0	0	0	0	0	0	0	0	0	0	0	0	0	0	0	0	0	0	6526
stormtrooper	0	76	76	0	0	0	0	0	0	0	76	0	0	0	0	0	0	0	0	0	0	0	0	0	0	0	0	0	0	0	0	0	0	0	0	0	0	0	0	0	0	0	0	0	0	0	0	0	0	0	0	0	0	0	0	0	0	228
Frank	0	604	1959	1355	0	0	0	0	0	0	0	16	588	0	0	0	0	0	0	0	0	0	0	0	0	0	0	0	0	0	0	0	0	1355	0	0	0	0	0	0	0	0	0	0	0	0	0	0	0	0	0	0	0	0	0	0	0	5877
nik99atin	0	1	1	0	0	0	0	0	0	0	0	1	0	0	0	0	0	0	0	0	0	0	0	0	0	0	0	0	0	0	0	0	0	0	0	0	0	0	0	0	0	0	0	0	0	0	0	0	0	0	0	0	0	0	0	0	0	3
sparrowxz	0	464	464	0	0	0	0	0	0	0	0	34	0	49	0	0	0	0	0	0	0	381	0	0	0	0	0	0	0	0	0	0	0	0	0	0	0	0	0	0	0	0	0	0	0	0	0	0	0	0	0	0	0	0	0	0	0	1392
Serum41	0	291	291	0	0	0	0	0	0	0	0	291	0	0	0	0	0	0	0	0	0	0	0	0	0	0	0	0	0	0	0	0	0	0	0	0	0	0	0	0	0	0	0	0	0	0	0	0	0	0	0	0	0	0	0	0	0	873
eikall	0	726	726	0	0	0	0	0	0	0	0	0	726	0	0	0	0	0	0	0	0	0	0	0	0	0	0	0	0	0	0	0	0	0	0	0	0	0	0	0	0	0	0	0	0	0	0	0	0	0	0	0	0	0	0	0	0	2178
Kirchu	0	309	463	154	0	0	0	0	0	0	0	0	202	0	0	46	0	0	0	0	0	0	61	0	0	0	0	0	0	0	0	0	0	138	0	0	0	0	0	0	0	16	0	0	0	0	0	0	0	0	0	0	0	0	0	0	0	1389
christopherT	0	194	194	0	0	0	0	0	0	0	0	0	194	0	0	0	0	0	0	0	0	0	0	0	0	0	0	0	0	0	0	0	0	0	0	0	0	0	0	0	0	0	0	0	0	0	0	0	0	0	0	0	0	0	0	0	0	582
Doge	0	82	408	260	66	0	66	0	0	0	0	0	82	0	0	0	0	0	0	0	0	0	0	0	0	0	0	0	0	0	0	0	0	0	0	0	260	0	0	0	0	0	0	0	0	0	0	0	0	0	0	66	0	0	0	0	0	1290
Edgar	0	41	41	0	0	0	0	0	0	0	0	0	41	0	0	0	0	0	0	0	0	0	0	0	0	0	0	0	0	0	0	0	0	0	0	0	0	0	0	0	0	0	0	0	0	0	0	0	0	0	0	0	0	0	0	0	0	123
Teddy	0	34	34	0	0	0	0	0	0	0	0	0	34	0	0	0	0	0	0	0	0	0	0	0	0	0	0	0	0	0	0	0	0	0	0	0	0	0	0	0	0	0	0	0	0	0	0	0	0	0	0	0	0	0	0	0	0	102
jevg	0	1433	1704	271	0	0	0	0	0	0	0	0	0	1036	397	0	0	0	0	0	0	0	0	0	0	0	0	0	0	0	0	0	0	0	0	0	271	0	0	0	0	0	0	0	0	0	0	0	0	0	0	0	0	0	0	0	0	5112
liisar	0	83	83	0	0	0	0	0	0	0	0	0	0	83	0	0	0	0	0	0	0	0	0	0	0	0	0	0	0	0	0	0	0	0	0	0	0	0	0	0	0	0	0	0	0	0	0	0	0	0	0	0	0	0	0	0	0	249
Jan	0	103	268	165	0	0	0	0	0	0	0	0	0	103	0	0	0	0	0	0	0	0	0	0	0	0	0	0	0	0	0	0	165	0	0	0	0	0	0	0	0	0	0	0	0	0	0	0	0	0	0	0	0	0	0	0	0	804
Paps	0	308	308	0	0	0	0	0	0	0	0	0	0	195	0	0	0	0	0	0	0	0	113	0	0	0	0	0	0	0	0	0	0	0	0	0	0	0	0	0	0	0	0	0	0	0	0	0	0	0	0	0	0	0	0	0	0	924
Mkitvel	0	78	78	0	0	0	0	0	0	0	0	0	0	78	0	0	0	0	0	0	0	0	0	0	0	0	0	0	0	0	0	0	0	0	0	0	0	0	0	0	0	0	0	0	0	0	0	0	0	0	0	0	0	0	0	0	0	234
SDEFSS	0	142	142	0	0	0	0	0	0	0	0	0	0	39	0	0	0	80	23	0	0	0	0	0	0	0	0	0	0	0	0	0	0	0	0	0	0	0	0	0	0	0	0	0	0	0	0	0	0	0	0	0	0	0	0	0	0	426
Kimmo	0	2926	3097	171	0	0	0	0	0	0	0	0	0	1385	0	354	0	0	527	660	0	0	0	0	0	0	0	0	0	0	0	0	0	0	0	0	171	0	0	0	0	0	0	0	0	0	0	0	0	0	0	0	0	0	0	0	0	9291
M.V	0	56	56	0	0	0	0	0	0	0	0	0	0	56	0	0	0	0	0	0	0	0	0	0	0	0	0	0	0	0	0	0	0	0	0	0	0	0	0	0	0	0	0	0	0	0	0	0	0	0	0	0	0	0	0	0	0	168
auri	0	236	236	0	0	0	0	0	0	0	0	0	0	0	236	0	0	0	0	0	0	0	0	0	0	0	0	0	0	0	0	0	0	0	0	0	0	0	0	0	0	0	0	0	0	0	0	0	0	0	0	0	0	0	0	0	0	708
jyrx123	0	233	704	471	0	0	0	0	0	0	0	0	0	0	233	0	0	0	0	0	0	0	0	0	0	0	0	0	0	0	0	0	471	0	0	0	0	0	0	0	0	0	0	0	0	0	0	0	0	0	0	0	0	0	0	0	0	2112
raunc	0	181	181	0	0	0	0	0	0	0	0	0	0	0	181	0	0	0	0	0	0	0	0	0	0	0	0	0	0	0	0	0	0	0	0	0	0	0	0	0	0	0	0	0	0	0	0	0	0	0	0	0	0	0	0	0	0	543
fatezer0	0	306	306	0	0	0	0	0	0	0	0	0	0	0	151	0	0	0	0	0	155	0	0	0	0	0	0	0	0	0	0	0	0	0	0	0	0	0	0	0	0	0	0	0	0	0	0	0	0	0	0	0	0	0	0	0	0	918
Nerisa290	0	335	335	0	0	0	0	0	0	0	0	0	0	0	0	335	0	0	0	0	0	0	0	0	0	0	0	0	0	0	0	0	0	0	0	0	0	0	0	0	0	0	0	0	0	0	0	0	0	0	0	0	0	0	0	0	0	1005
olla(OliverLaidma)	0	12216	12460	244	0	0	0	0	0	0	0	0	0	0	0	2371	1343	2486	969	622	1579	651	2195	0	0	0	0	0	0	0	0	0	0	0	0	0	0	0	0	0	0	244	0	0	0	0	0	0	0	0	0	0	0	0	0	0	0	37380
Krug.	0	113	113	0	0	0	0	0	0	0	0	0	0	0	0	113	0	0	0	0	0	0	0	0	0	0	0	0	0	0	0	0	0	0	0	0	0	0	0	0	0	0	0	0	0	0	0	0	0	0	0	0	0	0	0	0	0	339
ets12	0	1187	1187	0	0	0	0	0	0	0	0	0	0	0	0	203	0	632	352	0	0	0	0	0	0	0	0	0	0	0	0	0	0	0	0	0	0	0	0	0	0	0	0	0	0	0	0	0	0	0	0	0	0	0	0	0	0	3561
KK	0	1845	1845	0	0	0	0	0	0	0	0	0	0	0	0	1169	0	0	676	0	0	0	0	0	0	0	0	0	0	0	0	0	0	0	0	0	0	0	0	0	0	0	0	0	0	0	0	0	0	0	0	0	0	0	0	0	0	5535
Sawa	0	68	68	0	0	0	0	0	0	0	0	0	0	0	0	68	0	0	0	0	0	0	0	0	0	0	0	0	0	0	0	0	0	0	0	0	0	0	0	0	0	0	0	0	0	0	0	0	0	0	0	0	0	0	0	0	0	204
pitkunait	0	72	72	0	0	0	0	0	0	0	0	0	0	0	0	72	0	0	0	0	0	0	0	0	0	0	0	0	0	0	0	0	0	0	0	0	0	0	0	0	0	0	0	0	0	0	0	0	0	0	0	0	0	0	0	0	0	216
Tiina	0	1417	1679	262	0	0	0	0	0	0	0	0	0	0	0	1417	0	0	0	0	0	0	0	0	0	0	0	0	0	0	0	0	0	0	0	0	262	0	0	0	0	0	0	0	0	0	0	0	0	0	0	0	0	0	0	0	0	5037
fragil	0	512	512	0	0	0	0	0	0	0	0	0	0	0	0	512	0	0	0	0	0	0	0	0	0	0	0	0	0	0	0	0	0	0	0	0	0	0	0	0	0	0	0	0	0	0	0	0	0	0	0	0	0	0	0	0	0	1536
Kaupo	0	79	79	0	0	0	0	0	0	0	0	0	0	0	0	79	0	0	0	0	0	0	0	0	0	0	0	0	0	0	0	0	0	0	0	0	0	0	0	0	0	0	0	0	0	0	0	0	0	0	0	0	0	0	0	0	0	237
almannd	0	399	399	0	0	0	0	0	0	0	0	0	0	0	0	399	0	0	0	0	0	0	0	0	0	0	0	0	0	0	0	0	0	0	0	0	0	0	0	0	0	0	0	0	0	0	0	0	0	0	0	0	0	0	0	0	0	1197
Regina	0	397	397	0	0	0	0	0	0	0	0	0	0	0	0	335	0	0	62	0	0	0	0	0	0	0	0	0	0	0	0	0	0	0	0	0	0	0	0	0	0	0	0	0	0	0	0	0	0	0	0	0	0	0	0	0	0	1191
некитос))))	0	294	294	0	0	0	0	0	0	0	0	0	0	0	0	103	83	0	0	108	0	0	0	0	0	0	0	0	0	0	0	0	0	0	0	0	0	0	0	0	0	0	0	0	0	0	0	0	0	0	0	0	0	0	0	0	0	882
al.tsypov	0	642	762	0	120	0	120	0	0	0	0	0	0	0	0	117	0	525	0	0	0	0	0	0	0	0	0	0	0	0	0	0	0	0	0	0	0	0	0	0	0	0	0	0	0	0	0	0	0	0	0	120	0	0	0	0	0	2406
Diana Pachner	0	6	6	0	0	0	0	0	0	0	0	0	0	0	0	0	6	0	0	0	0	0	0	0	0	0	0	0	0	0	0	0	0	0	0	0	0	0	0	0	0	0	0	0	0	0	0	0	0	0	0	0	0	0	0	0	0	18
mhuxie	0	71	71	0	0	0	0	0	0	0	0	0	0	0	0	0	0	71	0	0	0	0	0	0	0	0	0	0	0	0	0	0	0	0	0	0	0	0	0	0	0	0	0	0	0	0	0	0	0	0	0	0	0	0	0	0	0	213
markusey	0	16	16	0	0	0	0	0	0	0	0	0	0	0	0	0	0	16	0	0	0	0	0	0	0	0	0	0	0	0	0	0	0	0	0	0	0	0	0	0	0	0	0	0	0	0	0	0	0	0	0	0	0	0	0	0	0	48
Uffs	0	228	308	80	0	0	0	0	0	0	0	0	0	0	0	0	0	129	0	99	0	0	0	0	0	0	0	0	0	0	0	0	0	0	0	0	0	0	80	0	0	0	0	0	0	0	0	0	0	0	0	0	0	0	0	0	0	924
jevgen	0	1479	1901	422	0	0	0	0	0	0	0	0	0	0	0	0	0	0	170	0	946	0	46	317	0	0	0	0	0	0	0	0	0	0	0	0	0	0	0	0	81	122	219	0	0	0	0	0	0	0	0	0	0	0	0	0	0	5703
PapaSayHai	0	1012	1012	0	0	0	0	0	0	0	0	0	0	0	0	0	0	0	135	0	0	0	877	0	0	0	0	0	0	0	0	0	0	0	0	0	0	0	0	0	0	0	0	0	0	0	0	0	0	0	0	0	0	0	0	0	0	3036
Pearu Pung	0	705	705	0	0	0	0	0	0	0	0	0	0	0	0	0	0	0	332	373	0	0	0	0	0	0	0	0	0	0	0	0	0	0	0	0	0	0	0	0	0	0	0	0	0	0	0	0	0	0	0	0	0	0	0	0	0	2115
tn	0	3106	4389	1283	0	0	0	0	0	0	0	0	0	0	0	0	0	0	0	548	229	1488	841	0	0	0	0	0	0	0	0	0	0	0	0	0	0	0	0	0	0	1014	0	269	0	0	0	0	0	0	0	0	0	0	0	0	0	13167
N_O	0	195	195	0	0	0	0	0	0	0	0	0	0	0	0	0	0	0	0	109	0	0	0	86	0	0	0	0	0	0	0	0	0	0	0	0	0	0	0	0	0	0	0	0	0	0	0	0	0	0	0	0	0	0	0	0	0	585
MarkG	0	559	559	0	0	0	0	0	0	0	0	0	0	0	0	0	0	0	0	231	87	0	241	0	0	0	0	0	0	0	0	0	0	0	0	0	0	0	0	0	0	0	0	0	0	0	0	0	0	0	0	0	0	0	0	0	0	1677
Polina	0	1338	1338	0	0	0	0	0	0	0	0	0	0	0	0	0	0	0	0	0	1110	228	0	0	0	0	0	0	0	0	0	0	0	0	0	0	0	0	0	0	0	0	0	0	0	0	0	0	0	0	0	0	0	0	0	0	0	4014
kristel	0	228	228	0	0	0	0	0	0	0	0	0	0	0	0	0	0	0	0	0	199	0	29	0	0	0	0	0	0	0	0	0	0	0	0	0	0	0	0	0	0	0	0	0	0	0	0	0	0	0	0	0	0	0	0	0	0	684
Meeri	0	159	159	0	0	0	0	0	0	0	0	0	0	0	0	0	0	0	0	0	0	0	159	0	0	0	0	0	0	0	0	0	0	0	0	0	0	0	0	0	0	0	0	0	0	0	0	0	0	0	0	0	0	0	0	0	0	477
Lindamai	0	37	106	69	0	0	0	0	0	0	0	0	0	0	0	0	0	0	0	0	0	0	0	37	0	0	0	0	0	0	0	0	69	0	0	0	0	0	0	0	0	0	0	0	0	0	0	0	0	0	0	0	0	0	0	0	0	318
F-22	0	1060	1060	0	0	0	0	0	0	0	0	0	0	0	0	0	0	0	0	0	0	0	0	1060	0	0	0	0	0	0	0	0	0	0	0	0	0	0	0	0	0	0	0	0	0	0	0	0	0	0	0	0	0	0	0	0	0	3180
Avrilium	0	0	35	35	0	0	0	0	0	0	0	0	0	0	0	0	0	0	0	0	0	0	0	0	0	0	0	0	0	0	0	0	35	0	0	0	0	0	0	0	0	0	0	0	0	0	0	0	0	0	0	0	0	0	0	0	0	105
mekaanik	0	0	28	28	0	0	0	0	0	0	0	0	0	0	0	0	0	0	0	0	0	0	0	0	0	0	0	0	0	0	0	0	28	0	0	0	0	0	0	0	0	0	0	0	0	0	0	0	0	0	0	0	0	0	0	0	0	84
jevg	0	0	77	77	0	0	0	0	0	0	0	0	0	0	0	0	0	0	0	0	0	0	0	0	0	0	0	0	0	0	0	0	0	0	0	77	0	0	0	0	0	0	0	0	0	0	0	0	0	0	0	0	0	0	0	0	0	231
sanderkukk	0	0	670	670	0	0	0	0	0	0	0	0	0	0	0	0	0	0	0	0	0	0	0	0	0	0	0	0	0	0	0	0	0	0	0	0	670	0	0	0	0	0	0	0	0	0	0	0	0	0	0	0	0	0	0	0	0	2010
Marina	0	0	800	800	0	0	0	0	0	0	0	0	0	0	0	0	0	0	0	0	0	0	0	0	0	0	0	0	0	0	0	0	0	0	0	0	800	0	0	0	0	0	0	0	0	0	0	0	0	0	0	0	0	0	0	0	0	2400
Timba	0	0	67	67	0	0	0	0	0	0	0	0	0	0	0	0	0	0	0	0	0	0	0	0	0	0	0	0	0	0	0	0	0	0	0	0	67	0	0	0	0	0	0	0	0	0	0	0	0	0	0	0	0	0	0	0	0	201
Kaspar	258	0	433	175	258	0	0	258	0	0	0	0	0	0	0	0	0	0	0	0	0	0	0	0	0	0	0	0	0	0	0	0	0	0	0	0	0	0	159	16	0	0	0	0	0	0	0	0	0	0	0	0	0	0	0	0	0	1557
jevg	0	0	266	266	0	0	0	0	0	0	0	0	0	0	0	0	0	0	0	0	0	0	0	0	0	0	0	0	0	0	0	0	0	0	0	0	0	0	0	0	266	0	0	0	0	0	0	0	0	0	0	0	0	0	0	0	0	798
alpana	0	0	262	262	0	0	0	0	0	0	0	0	0	0	0	0	0	0	0	0	0	0	0	0	0	0	0	0	0	0	0	0	0	0	0	0	0	0	0	0	0	0	262	0	0	0	0	0	0	0	0	0	0	0	0	0	0	786
Pisikoll	0	0	1168	0	1168	0	1168	0	0	0	0	0	0	0	0	0	0	0	0	0	0	0	0	0	0	0	0	0	0	0	0	0	0	0	0	0	0	0	0	0	0	0	0	0	0	0	0	0	0	0	0	86	415	0	667	0	0	4672
Kauri	0	0	34	0	34	0	34	0	0	0	0	0	0	0	0	0	0	0	0	0	0	0	0	0	0	0	0	0	0	0	0	0	0	0	0	0	0	0	0	0	0	0	0	0	0	0	0	0	0	0	0	0	34	0	0	0	0	136
kilpkonn	62	0	163	0	163	0	101	62	0	0	0	0	0	0	0	0	0	0	0	0	0	0	0	0	0	0	0	0	0	0	0	0	0	0	0	0	0	0	0	0	0	0	0	0	0	0	0	0	0	0	0	0	0	0	0	101	0	652
Stas	0	182	433	0	0	251	0	0	0	0	0	0	0	0	0	0	0	0	0	0	0	0	0	182	0	0	0	0	0	0	0	0	0	0	0	0	0	0	0	0	0	0	0	0	0	251	0	0	0	0	0	0	0	0	0	0	0	1299
Clyde	0	0	238	0	0	238	0	0	0	0	0	0	0	0	0	0	0	0	0	0	0	0	0	0	0	0	0	0	0	0	0	0	0	0	0	0	0	0	0	0	0	0	0	0	0	238	0	0	0	0	0	0	0	0	0	0	0	714
Kõik	18736	1167074	3076287	353190	195198	1360825	176462	15835	2901	11394	58004	27836	124613	77606	58042	142161	46278	91917	68657	97558	82610	117465	132194	42133	85138	239078	16389	138928	14342	33224	4517	4354	31424	25939	2670	8254	50308	8318	61791	9787	16225	36750	24281	13274	13275	695130	83012	33792	1527	50894	61273	44631	33793	14198	12431	5167	4969	9424059
