Kuupäev	Kanal	Kõik	Rauno	Kadri	Ago	test9	MajorMoopsy	Mikk	Sebastian	Kristjan	Piret	Helin	236460404446855168	Elvar	moth	TankerElite	TROLLOLOLOLOLOLO	Anubis	Glad	Kaido.K	firehax	sutgon	ER	TheCreepySheep	Edvin	krohtla
Fri 14 Dec 2018	dj01	20	0	0	0	0	0	0	0	0	0	0	0	0	0	0	0	0	6	0	0	0	0	0	0	0
Fri 14 Dec 2018	ettepanekud	0	0	1	1	3	0	0	0	0	1	0	0	0	0	0	0	2	4	1	0	0	0	0	0	0
Fri 14 Dec 2018	ex14	21	0	43	13	0	0	0	20	2	0	0	0	0	0	0	0	0	0	0	0	0	0	0	0	0
Fri 14 Dec 2018	ex15	35	0	14	17	4	0	2	2	10	13	0	0	7	0	0	33	0	3	1	0	0	0	0	0	0
Fri 14 Dec 2018	food	3	0	100	19	3	0	3	70	3	17	0	0	2	0	0	0	5	4	0	0	0	0	0	0	0
Fri 14 Dec 2018	general	18	0	2	21	3	0	2	3	0	2	0	0	0	0	0	0	1	0	0	1	0	0	0	0	0
Fri 14 Dec 2018	pr15	1	0	0	0	0	0	1	0	1	0	0	0	0	0	0	0	0	0	0	0	0	0	0	0	0
Fri 14 Dec 2018	random	3	6	52	13	8	0	15	14	24	4	0	0	1	0	0	1	6	0	2	0	0	0	0	0	0
Fri 14 Dec 2018	xp02	4	1	5	12	0	0	4	0	0	0	0	0	0	0	0	0	0	0	0	0	0	0	0	0	0
Fri 14 Dec 2018	xp03	0	5	0	0	0	0	1	0	3	0	0	0	0	0	0	0	0	0	0	0	0	0	0	0	0
Sat 15 Dec 2018	dj01	1	0	0	0	0	0	0	0	0	0	0	0	0	0	0	0	0	3	0	0	0	0	0	0	0
Sat 15 Dec 2018	ex14	3	0	1	0	0	0	1	0	0	0	0	0	0	0	0	0	0	0	0	0	0	0	0	0	0
Sat 15 Dec 2018	ex15	20	0	21	0	0	0	0	0	1	0	0	0	0	0	0	4	0	0	7	0	0	0	0	0	0
Sat 15 Dec 2018	food	3	2	62	28	4	0	0	7	10	36	16	0	17	0	0	0	0	0	0	0	0	0	0	0	0
Sat 15 Dec 2018	general	2	0	1	0	0	0	0	0	1	0	0	0	0	0	0	4	1	0	0	0	0	0	0	0	0
Sat 15 Dec 2018	kaugōpe	3	0	0	0	0	0	0	3	0	0	0	0	0	0	0	0	0	0	0	0	0	0	0	0	0
Sat 15 Dec 2018	pr15	3	0	0	1	2	0	0	0	0	0	0	0	0	0	0	3	0	0	0	0	0	0	0	0	0
Sat 15 Dec 2018	random	3	5	93	19	0	2	1	54	35	2	1	2	0	0	0	10	2	1	13	0	0	0	0	0	0
Sun 16 Dec 2018	dj01	4	0	0	0	0	0	0	0	0	0	0	0	0	0	0	0	0	0	0	0	0	0	0	0	0
Sun 16 Dec 2018	dj02	2	0	0	1	0	0	0	0	0	0	0	0	0	0	0	0	0	0	0	0	0	0	0	0	0
Sun 16 Dec 2018	ex15	18	0	20	1	0	0	0	0	0	0	0	0	0	0	0	6	0	0	0	0	1	0	0	0	0
Sun 16 Dec 2018	food	2	1	8	2	1	0	0	1	0	8	0	0	8	0	0	0	0	0	0	0	0	0	0	0	0
Sun 16 Dec 2018	kaugōpe	0	1	0	2	0	0	0	1	0	0	0	0	0	0	0	0	0	0	0	0	0	0	0	0	0
Sun 16 Dec 2018	konsult	0	0	2	3	0	0	0	0	0	0	0	0	0	0	0	0	0	0	0	0	0	0	0	0	0
Sun 16 Dec 2018	random	3	2	40	12	3	5	0	5	0	0	0	0	9	0	0	0	0	0	0	0	0	0	0	0	0
Sun 16 Dec 2018	stat	0	0	4	10	0	0	0	0	0	0	0	0	0	0	0	0	0	0	0	0	0	0	0	0	0
Sun 16 Dec 2018	xp06	3	0	0	2	0	0	0	0	0	0	0	0	0	0	0	0	0	0	0	0	0	0	0	0	0
Mon 17 Dec 2018	dj02	4	0	0	0	0	0	0	0	0	0	0	0	0	0	0	0	0	0	0	0	0	0	0	0	0
Mon 17 Dec 2018	ettepanekud	8	0	1	3	0	0	0	0	1	0	0	0	0	0	2	0	2	0	6	0	0	0	0	0	0
Mon 17 Dec 2018	ex15	13	0	0	3	0	0	0	0	0	0	0	0	2	0	0	4	0	0	0	0	0	0	0	0	1
Mon 17 Dec 2018	food	5	1	26	1	0	0	19	0	0	0	0	0	1	0	0	0	10	2	0	0	0	0	0	0	0
Mon 17 Dec 2018	general	20	0	0	19	0	0	0	0	0	6	0	0	0	0	0	12	3	6	0	0	0	0	0	0	0
Mon 17 Dec 2018	kaugōpe	3	0	0	4	0	0	0	2	0	0	5	0	0	0	0	2	0	0	0	0	0	0	0	0	0
Mon 17 Dec 2018	konsult	4	1	10	12	0	0	5	0	1	0	0	0	0	0	0	1	3	0	0	0	0	0	0	0	0
Mon 17 Dec 2018	meme	1	0	0	0	1	0	3	0	0	0	0	0	0	0	0	1	6	0	0	0	0	0	0	0	0
Mon 17 Dec 2018	random	10	0	49	18	0	5	8	12	1	16	10	0	6	0	1	2	3	26	4	0	0	0	0	0	0
Mon 17 Dec 2018	stat	3	0	0	5	2	0	0	0	1	5	0	0	0	0	0	0	1	0	3	0	0	0	0	0	0
Mon 17 Dec 2018	videod	0	0	0	2	0	0	0	0	0	0	0	0	0	0	0	0	0	0	0	0	0	0	0	0	0
Mon 17 Dec 2018	xp02	2	0	3	0	0	0	0	1	0	0	0	0	0	0	0	0	0	0	0	0	0	0	0	0	1
Mon 17 Dec 2018	xp06	0	0	0	0	0	0	0	0	0	0	0	0	0	0	0	0	0	0	0	0	2	0	0	0	0
Tue 18 Dec 2018	ex15	31	0	0	0	0	0	0	0	0	0	0	0	0	0	0	0	0	0	15	0	0	0	0	0	0
Tue 18 Dec 2018	food	7	4	77	36	12	0	0	0	2	0	0	0	52	0	0	0	0	0	0	0	0	0	0	0	0
Tue 18 Dec 2018	general	4	0	0	8	0	0	0	1	0	0	0	0	0	0	0	0	0	0	0	0	0	0	0	0	0
Tue 18 Dec 2018	kaugōpe	1	0	0	0	0	0	0	2	0	0	0	0	0	0	0	0	0	0	0	0	0	0	0	0	0
Tue 18 Dec 2018	meme	3	0	0	1	0	0	0	0	0	0	0	0	0	0	0	0	0	0	0	0	0	0	0	0	0
Tue 18 Dec 2018	random	17	3	363	139	96	2	0	214	2	16	0	0	79	0	0	0	1	9	77	0	0	0	0	0	0
Tue 18 Dec 2018	xp06	2	0	1	3	1	0	0	0	1	0	0	0	1	0	0	0	0	0	0	0	0	0	0	0	0
Tue 18 Dec 2018	xp07	0	0	0	0	0	0	0	0	0	0	0	0	0	0	0	0	0	0	3	0	5	0	0	0	0
Wed 19 Dec 2018	ex15	8	0	0	5	3	0	0	0	0	0	0	0	4	0	0	0	0	0	0	0	0	0	0	0	0
Wed 19 Dec 2018	food	1	3	44	45	3	0	0	0	1	6	0	0	40	0	0	0	2	0	0	0	0	0	0	0	0
Wed 19 Dec 2018	meme	56	0	12	3	0	2	0	0	0	0	0	0	12	0	0	0	0	0	0	0	0	0	0	0	0
Wed 19 Dec 2018	pr15	4	0	0	0	0	0	0	0	0	0	0	0	1	0	0	0	0	0	0	0	0	0	0	0	0
Wed 19 Dec 2018	random	13	3	155	38	12	3	0	20	0	6	0	0	56	0	0	0	6	2	0	0	0	0	0	0	0
Wed 19 Dec 2018	stat	0	0	26	14	2	0	0	5	2	0	0	0	25	0	0	0	0	0	0	0	0	0	0	0	0
Wed 19 Dec 2018	xp05	4	0	0	2	0	0	0	0	0	0	0	0	0	0	0	0	0	0	0	0	0	0	0	0	0
Wed 19 Dec 2018	xp06	2	0	0	0	0	0	0	0	0	0	0	0	0	0	1	0	0	0	0	0	0	0	0	0	0
Thu 20 Dec 2018	ex15	22	0	6	0	1	0	0	0	0	0	0	0	20	0	0	0	0	0	0	0	0	0	0	0	0
Thu 20 Dec 2018	food	0	10	0	3	0	0	0	8	1	2	0	0	14	0	0	0	0	0	0	0	0	0	0	0	0
Thu 20 Dec 2018	meme	1	0	0	0	1	0	0	1	0	0	0	0	0	0	2	0	1	0	0	0	0	0	0	0	0
Thu 20 Dec 2018	mitteniiolulisedagasiiskiolulised-teadaanded	1	0	0	3	0	0	0	0	0	0	0	0	0	0	0	0	0	0	0	0	0	0	0	0	0
Thu 20 Dec 2018	random	10	1	241	48	7	1	0	221	3	15	0	0	161	0	0	2	0	0	2	0	0	0	0	0	0
Thu 20 Dec 2018	stat	0	0	0	3	1	0	0	2	0	0	0	0	3	0	0	3	0	0	0	0	0	0	0	0	0
Thu 20 Dec 2018	xp07	5	0	0	5	3	0	0	0	0	0	0	0	0	4	0	0	0	0	0	0	0	0	0	0	0
Fri 21 Dec 2018	food	3	2	14	11	7	0	2	0	0	0	0	0	3	0	0	0	0	0	0	0	0	0	0	0	0
Fri 21 Dec 2018	random	0	2	157	151	36	0	32	3	0	0	0	0	17	0	0	0	3	0	0	0	0	0	0	0	0
Fri 21 Dec 2018	stat	1	0	0	14	0	0	0	0	0	0	0	0	0	0	0	0	0	0	0	0	0	0	0	0	0
Fri 21 Dec 2018	xp05	9	0	0	0	0	0	0	0	0	0	0	0	0	0	0	0	0	0	2	0	0	0	0	0	0
Sat 22 Dec 2018	ex15	1	0	0	0	0	0	0	0	0	0	0	0	0	0	0	0	0	0	0	0	0	0	0	0	0
Sat 22 Dec 2018	food	0	0	14	4	2	0	7	0	0	0	0	0	6	0	0	0	0	0	0	0	0	0	0	0	0
Sat 22 Dec 2018	meme	2	0	0	0	0	0	0	0	0	0	0	0	0	1	0	0	0	0	0	0	0	0	0	0	0
Sat 22 Dec 2018	random	2	1	269	151	64	0	81	6	1	0	0	0	34	2	0	0	0	13	0	0	0	0	0	0	0
Sat 22 Dec 2018	stat	0	0	6	6	0	0	0	0	2	0	1	0	2	0	0	1	0	0	0	0	0	0	0	0	0
Sat 22 Dec 2018	xp05	6	0	0	5	0	0	0	0	0	0	0	0	0	0	0	0	0	0	3	0	0	0	0	0	0
Sat 22 Dec 2018	xp07	0	0	0	2	0	0	0	0	0	0	0	0	0	3	0	0	0	0	0	0	0	0	0	0	0
Sun 23 Dec 2018	dj01	0	0	0	1	0	0	0	0	0	3	0	0	0	0	0	0	0	0	0	0	0	0	0	0	0
Sun 23 Dec 2018	ex15	5	0	0	4	0	0	0	0	0	0	0	0	0	0	0	0	0	0	5	0	0	0	0	0	0
Sun 23 Dec 2018	food	8	6	9	15	3	0	0	0	0	1	0	0	2	0	0	0	0	0	0	0	0	0	0	0	0
Sun 23 Dec 2018	general	0	0	2	11	0	0	0	0	0	0	0	0	0	0	0	0	0	0	0	0	0	0	0	0	0
Sun 23 Dec 2018	meme	0	0	0	0	0	0	0	0	0	0	0	0	0	0	0	0	0	0	0	0	0	1	0	0	0
Sun 23 Dec 2018	random	10	0	22	3	3	0	0	7	0	3	12	0	14	0	0	12	2	0	0	0	0	0	0	0	0
Sun 23 Dec 2018	stat	1	1	46	52	0	0	0	0	0	0	2	0	2	0	0	2	0	0	1	0	15	0	0	0	0
Mon 24 Dec 2018	dj01	0	0	0	2	0	0	0	0	0	3	0	0	0	0	0	0	0	0	0	0	0	0	0	0	0
Mon 24 Dec 2018	ex15	2	0	0	0	0	0	0	0	0	0	0	0	0	0	0	0	0	0	0	0	0	0	0	0	0
Mon 24 Dec 2018	food	2	1	22	11	0	0	0	2	0	1	5	0	5	0	0	0	0	0	0	0	0	0	0	0	0
Mon 24 Dec 2018	meme	0	0	0	1	0	0	3	0	0	0	0	0	0	0	1	0	0	0	0	0	0	0	0	0	0
Mon 24 Dec 2018	random	0	7	164	54	14	0	185	4	9	6	36	0	51	7	0	0	1	0	0	0	0	0	0	0	0
Mon 24 Dec 2018	xp03	1	1	0	0	1	0	1	0	0	0	0	0	0	0	0	0	0	0	0	0	0	0	0	0	0
Tue 25 Dec 2018	dj01	4	0	0	0	0	0	0	0	0	2	0	0	0	0	0	0	0	0	0	0	0	0	0	0	0
Tue 25 Dec 2018	ex15	20	0	0	1	0	0	3	0	0	0	0	0	5	0	0	2	0	0	6	0	0	0	0	0	0
Tue 25 Dec 2018	food	0	0	12	4	0	0	3	5	0	0	0	0	3	0	0	0	0	0	0	0	0	0	0	0	0
Tue 25 Dec 2018	general	7	0	0	4	0	0	0	8	0	0	0	0	1	0	0	0	0	0	0	0	0	0	0	0	0
Tue 25 Dec 2018	meme	7	0	6	9	0	4	3	0	0	0	3	0	3	0	0	0	1	0	0	0	0	0	0	0	0
Tue 25 Dec 2018	random	1	0	386	102	2	1	15	174	0	12	6	0	63	4	0	2	0	0	0	0	0	0	0	0	0
Tue 25 Dec 2018	stat	1	0	0	1	0	0	1	0	0	0	0	0	1	0	0	0	0	0	0	0	0	0	0	0	0
Wed 26 Dec 2018	ex15	0	0	0	3	0	0	0	0	0	0	0	0	0	0	0	0	0	0	10	0	0	0	0	25	0
Wed 26 Dec 2018	food	0	0	21	11	2	0	14	0	0	3	15	0	0	0	0	0	0	0	0	0	0	0	0	0	0
Wed 26 Dec 2018	general	1	0	4	10	1	0	0	0	0	1	2	0	0	0	0	0	0	0	0	0	0	0	0	0	0
Wed 26 Dec 2018	meme	0	0	0	0	0	0	2	0	0	0	0	0	0	0	0	0	6	0	0	0	0	0	0	0	0
Wed 26 Dec 2018	random	0	7	286	75	21	2	0	175	0	1	76	0	3	28	1	0	0	0	0	0	0	0	0	0	0
Wed 26 Dec 2018	xp04	0	1	0	0	0	0	0	0	0	0	0	0	0	0	0	0	0	0	0	0	0	0	0	0	0
Thu 27 Dec 2018	ex15	4	0	0	2	0	0	0	0	0	0	0	0	0	0	0	0	0	0	0	0	0	0	0	0	0
Thu 27 Dec 2018	food	0	0	6	3	0	0	12	7	0	0	0	0	1	0	0	0	0	0	0	0	0	0	0	0	0
Thu 27 Dec 2018	general	9	0	6	6	1	0	0	0	0	0	0	0	2	0	0	0	0	0	0	0	0	0	0	0	0
Thu 27 Dec 2018	random	9	24	267	138	31	1	7	61	1	1	61	3	31	1	0	0	0	0	0	0	0	0	3	0	0
Thu 27 Dec 2018	xp05	0	0	0	0	0	0	0	0	0	0	0	0	0	1	0	0	0	0	0	0	0	0	0	0	0
Fri 28 Dec 2018	ex15	20	9	0	10	0	0	0	0	0	0	0	0	0	0	0	0	0	0	3	0	0	0	0	0	0
Fri 28 Dec 2018	food	0	7	3	5	0	0	4	0	0	1	0	0	5	0	0	0	0	0	0	0	0	0	0	0	0
Fri 28 Dec 2018	meme	0	0	0	1	0	0	0	0	0	0	0	0	0	0	0	0	0	0	0	0	0	0	0	0	0
Fri 28 Dec 2018	random	1	5	310	105	21	27	2	3	0	12	1	0	120	2	1	2	0	0	0	1	0	0	0	0	0
Fri 28 Dec 2018	stat	0	0	0	9	6	0	2	0	0	0	0	0	0	0	0	0	0	0	0	0	0	0	0	0	0
Fri 28 Dec 2018	xp05	0	0	0	3	0	0	0	0	0	0	0	0	0	3	0	0	0	0	0	0	0	0	0	0	0
Fri 28 Dec 2018	xp07	2	0	0	2	0	0	0	0	0	0	0	0	0	0	0	0	0	0	0	0	0	0	0	0	0
Sat 29 Dec 2018	ex15	1	0	0	1	0	0	0	0	0	0	0	0	0	0	0	0	0	0	0	0	0	0	0	0	0
Sat 29 Dec 2018	food	2	9	23	7	1	0	0	16	0	2	0	0	3	0	0	0	0	0	0	0	0	0	0	0	0
Sat 29 Dec 2018	general	9	4	2	0	1	0	0	2	0	1	0	0	0	0	0	0	0	0	0	0	0	0	0	0	0
Sat 29 Dec 2018	meme	0	0	1	0	0	0	0	0	0	0	0	0	0	0	0	0	2	0	0	0	0	0	0	0	0
Sat 29 Dec 2018	random	4	12	108	32	26	16	16	37	0	8	4	0	29	0	0	2	0	0	0	0	0	0	0	0	0
Sat 29 Dec 2018	stat	0	5	3	7	6	7	0	0	0	0	0	0	1	0	0	0	0	0	0	0	0	0	0	0	0
Sun 30 Dec 2018	dj01	0	0	1	1	3	0	0	0	0	0	0	0	0	0	0	8	0	0	0	0	0	0	0	0	0
Sun 30 Dec 2018	ex15	7	0	8	0	0	0	0	0	0	0	0	0	0	0	0	0	0	0	0	0	0	0	0	0	0
Sun 30 Dec 2018	food	1	6	33	17	1	0	8	0	0	1	0	0	5	0	0	0	0	0	0	0	0	0	0	0	0
Sun 30 Dec 2018	general	7	1	5	8	0	0	1	1	1	1	0	0	1	0	0	2	0	7	0	0	0	0	0	0	0
Sun 30 Dec 2018	olulised-teadaanded	0	0	0	1	0	0	0	0	0	0	0	0	0	0	0	0	0	0	0	0	0	0	0	0	0
Sun 30 Dec 2018	random	1	26	201	43	45	8	10	17	0	2	3	1	77	0	0	0	0	0	0	0	0	0	0	0	0
Sun 30 Dec 2018	stat	0	0	14	29	16	7	0	0	0	0	0	0	0	0	0	0	0	0	0	0	0	0	0	0	0
Mon 31 Dec 2018	food	10	0	16	21	4	0	2	4	0	0	15	0	4	0	1	0	1	0	0	0	0	0	0	0	0
Mon 31 Dec 2018	general	3	0	0	4	0	0	0	0	0	0	0	0	0	0	0	0	0	0	0	0	0	0	0	0	0
Mon 31 Dec 2018	random	24	0	476	309	31	1	104	106	0	9	116	1	134	0	0	0	0	0	0	0	0	0	0	0	0
Mon 31 Dec 2018	stat	0	0	0	0	1	0	0	0	0	0	0	0	0	0	0	0	3	0	0	0	0	0	0	0	0
Tue 01 Jan 2019	food	0	0	2	0	0	0	0	0	0	0	0	0	0	0	0	0	0	0	0	0	0	0	0	0	0
Tue 01 Jan 2019	general	16	0	0	3	0	0	0	0	0	0	0	0	0	0	0	2	0	0	0	0	0	0	0	0	0
Tue 01 Jan 2019	random	5	10	60	10	4	7	0	21	0	8	11	0	1	0	0	2	0	2	0	0	0	0	0	0	0
Wed 02 Jan 2019	eksam	6	0	0	10	3	0	0	0	0	0	0	0	0	0	0	1	0	3	0	0	0	0	0	0	0
Wed 02 Jan 2019	ettepanekud	0	0	0	1	2	0	0	0	0	0	0	0	0	0	0	0	1	0	0	0	0	0	0	0	0
Wed 02 Jan 2019	food	0	0	0	0	0	0	0	1	0	0	0	0	0	0	0	0	1	0	0	0	0	0	0	0	0
Wed 02 Jan 2019	general	23	0	1	15	3	0	0	0	0	0	0	2	0	0	0	0	0	2	0	0	0	0	0	0	0
Wed 02 Jan 2019	kaugōpe	15	0	0	10	0	0	0	0	0	0	0	0	0	0	0	0	0	0	0	0	0	0	0	0	0
Wed 02 Jan 2019	random	23	12	160	86	12	0	0	65	0	4	0	0	0	0	0	11	24	8	0	0	0	0	0	0	0
Wed 02 Jan 2019	xp02	2	0	0	6	1	0	0	0	0	0	0	0	0	0	0	0	0	0	0	0	0	0	0	0	0
Wed 02 Jan 2019	xp04	2	0	0	1	0	0	0	0	0	0	0	0	0	0	0	0	0	0	0	0	0	0	0	0	0
Wed 02 Jan 2019	xp07	0	0	0	14	0	0	0	0	0	11	0	0	0	0	0	0	0	0	0	0	0	0	0	0	0
Thu 03 Jan 2019	eksam	38	3	45	56	6	0	0	1	0	10	0	0	0	0	0	18	15	27	0	0	4	0	0	3	0
Thu 03 Jan 2019	ex15	37	0	0	20	11	0	0	0	0	0	0	0	0	0	0	2	0	0	0	0	0	0	0	0	0
Thu 03 Jan 2019	food	0	0	0	1	0	0	0	0	0	0	0	0	0	0	0	0	0	0	0	0	0	0	0	0	0
Thu 03 Jan 2019	general	15	0	0	20	0	0	0	0	0	1	0	0	0	4	0	7	5	0	0	0	6	0	0	0	0
Thu 03 Jan 2019	kaugōpe	3	1	0	3	0	0	0	0	0	0	0	0	0	0	0	0	0	0	0	0	0	0	0	0	0
Thu 03 Jan 2019	meme	1	0	0	0	0	0	0	0	0	0	0	0	0	0	0	0	0	0	0	0	0	0	0	0	0
Thu 03 Jan 2019	olulised-teadaanded	0	0	0	4	0	0	0	0	0	0	0	0	0	0	0	0	0	0	0	0	0	0	0	0	0
Thu 03 Jan 2019	pr15	0	0	0	0	0	0	0	0	0	0	0	0	0	0	0	0	0	0	0	0	0	3	0	0	0
Thu 03 Jan 2019	random	23	9	190	89	32	0	1	109	0	9	3	0	0	0	8	32	75	4	0	0	4	0	0	0	0
Thu 03 Jan 2019	stat	1	0	0	4	0	0	1	1	0	0	0	0	0	0	0	0	0	0	0	0	1	0	0	0	0
Thu 03 Jan 2019	xp02	4	0	0	12	0	0	0	0	0	0	0	0	0	0	0	0	0	0	0	0	0	0	0	0	0
Thu 03 Jan 2019	xp07	6	0	2	26	0	0	0	0	0	11	0	0	0	0	0	0	0	0	0	0	0	0	0	0	0
Fri 04 Jan 2019	eksam	4	0	41	28	2	0	0	17	0	4	1	0	0	0	0	2	8	0	0	0	5	0	0	0	0
Fri 04 Jan 2019	food	0	0	0	0	0	0	0	0	0	0	0	0	0	0	0	0	3	0	0	0	0	0	0	0	0
Fri 04 Jan 2019	general	5	0	0	17	0	1	5	2	0	0	0	0	0	0	0	1	0	0	0	0	1	0	0	0	0
Fri 04 Jan 2019	meme	1	0	0	0	0	0	0	0	0	0	0	0	0	0	0	0	0	0	0	0	0	0	0	0	0
Fri 04 Jan 2019	random	26	32	63	19	11	7	9	102	0	17	6	0	0	0	2	6	52	9	0	0	4	0	0	0	0
Fri 04 Jan 2019	stat	15	0	6	28	0	0	0	3	0	0	0	0	0	0	0	2	35	0	0	0	4	0	0	0	0
Fri 04 Jan 2019	xp05	2	0	0	3	0	0	0	0	0	0	0	0	0	0	0	0	0	0	0	0	0	0	0	0	0
Fri 04 Jan 2019	xp07	0	0	0	0	0	0	0	0	0	0	0	0	0	0	0	0	1	0	0	0	0	0	0	0	0
Sat 05 Jan 2019	eksam	15	9	55	15	0	0	0	47	0	12	0	0	0	0	0	2	4	0	0	0	0	0	0	0	0
Sat 05 Jan 2019	food	8	0	38	12	3	0	6	51	0	16	2	0	0	0	0	0	24	0	0	0	0	0	0	0	0
Sat 05 Jan 2019	meme	0	0	0	0	0	0	0	0	0	0	0	0	0	0	0	0	1	0	0	0	0	0	0	0	0
Sat 05 Jan 2019	random	131	105	194	26	47	2	0	472	0	175	0	0	2	13	0	35	114	4	0	0	0	0	0	0	0
Sat 05 Jan 2019	stat	1	0	0	0	0	0	0	2	0	0	0	0	0	2	0	0	0	0	0	0	0	0	0	0	0
Sun 06 Jan 2019	food	6	0	0	5	1	0	0	0	0	0	0	0	0	0	0	0	0	0	0	0	0	0	0	0	0
Sun 06 Jan 2019	meme	0	0	0	0	0	0	0	0	0	0	0	0	0	0	0	0	2	0	0	0	0	0	0	0	0
Sun 06 Jan 2019	random	16	29	177	286	22	0	0	198	0	65	157	0	1	31	0	11	227	0	0	6	0	0	0	0	0
Sun 06 Jan 2019	stat	0	0	0	3	3	0	0	2	0	0	0	0	0	0	0	0	3	0	0	0	0	0	0	0	0
